62.602005 29.756685 1296056764388 0.0
62.603525 29.755468 1296056788469 0.0
62.603609 29.754298 1296056812462 0.0
62.602669 29.744394 1296056910556 0.0
62.602672 29.7445 1296056911829 0.0
62.602836 29.745168 1296057004430 0.0
62.602646 29.745309 1296057006296 0.0
62.602651 29.745443 1296057010214 0.0
62.602487 29.745521 1296057012240 0.0
62.602242 29.745771 1296057016259 0.0
62.602082 29.745867 1296057018244 0.0
62.601999 29.745894 1296057020260 0.0
62.601742 29.746058 1296057024257 0.0
62.601573 29.746286 1296057028221 0.0
62.601481 29.746512 1296057034234 0.0
62.601349 29.746832 1296057038222 0.0
62.601245 29.746887 1296057040210 0.0
62.601134 29.747094 1296057044286 0.0
62.600726 29.74744 1296057050240 0.0
62.600426 29.74755 1296057054208 0.0
62.600145 29.747844 1296057058231 0.0
62.599849 29.748059 1296057062309 0.0
62.599326 29.748316 1296057068224 0.0
62.599169 29.748633 1296057072224 0.0
62.599157 29.748462 1296057074232 0.0
62.598982 29.748715 1296057078223 0.0
62.59877 29.748583 1296057082205 0.0
62.598656 29.748467 1296057086221 0.0
62.598637 29.748618 1296057088248 0.0
62.598341 29.748622 1296057092237 0.0
62.598369 29.748627 1296057100238 0.0
62.5985 29.748764 1296057102213 0.0
62.598576 29.748863 1296057106243 0.0
62.5987 29.748951 1296057110222 0.0
62.598857 29.749251 1296057114713 0.0
62.598967 29.749441 1296057116303 0.0
62.59924 29.749697 1296057120215 0.0
62.59936 29.749836 1296057122296 0.0
62.599504 29.750059 1296057126248 0.0
62.599797 29.750225 1296057132366 0.0
62.5998 29.750231 1296057134204 0.0
62.599876 29.750357 1296057136666 0.0