62.590145 29.7402 1326878428305 0.0
62.5903 29.740316 1326878430477 0.0
62.590377 29.74042 1326878432483 0.0
62.590409 29.740486 1326878434487 0.0
62.590453 29.740558 1326878436490 0.0
62.596055 29.745554 1326878440754 0.0
62.596082 29.745647 1326878442783 0.0
62.596578 29.745578 1326878444805 0.0
62.597786 29.745422 1326878446990 0.0
62.597941 29.745566 1326878449016 0.0
62.598067 29.745531 1326878451046 0.0
62.598187 29.745655 1326878453074 0.0
62.598486 29.745754 1326878457215 0.0
62.598542 29.745721 1326878459238 0.0
62.598598 29.745689 1326878461260 0.0
62.598654 29.745657 1326878463282 0.0
62.598702 29.745559 1326878465314 0.0
62.598821 29.745432 1326878467341 0.0
62.599016 29.745334 1326878469397 0.0
62.59917 29.744895 1326878473468 0.0
62.599315 29.74466 1326878475496 0.0
62.599454 29.744489 1326878477554 0.0
62.599649 29.744361 1326878479590 0.0
62.599866 29.744173 1326878481646 0.0
62.599974 29.744114 1326878483827 0.0
62.60007 29.743822 1326878487917 0.0
62.600135 29.743716 1326878489996 0.0
62.600181 29.743559 1326878492045 0.0
62.600315 29.743348 1326878494070 0.0
62.600464 29.743183 1326878496104 0.0
62.600618 29.743158 1326878498138 0.0
62.600743 29.743209 1326878500293 0.0
62.600831 29.743427 1326878504333 0.0
62.600917 29.743267 1326878506380 0.0
62.600964 29.74333 1326878508401 0.0
62.600975 29.743345 1326878510429 0.0
62.601158 29.74318 1326878512487 0.0
62.601289 29.743252 1326878514504 0.0
62.601343 29.743277 1326878516584 0.0
62.601802 29.743079 1326878521323 0.0
62.601975 29.743135 1326878523349 0.0
62.601999 29.743223 1326878525434 0.0
62.602205 29.743056 1326878527462 0.0
62.60231 29.743276 1326878529467 0.0
62.602512 29.743228 1326878531472 0.0
62.602587 29.743352 1326878533477 0.0
62.602847 29.743312 1326878537485 0.0
62.60309 29.743233 1326878539490 0.0
62.603311 29.743386 1326878541494 0.0
62.603453 29.743164 1326878543574 0.0
62.603556 29.743353 1326878545658 0.0
62.603675 29.743134 1326878547752 0.0
62.604022 29.743185 1326878552261 0.0
62.604106 29.743228 1326878554308 0.0
62.604165 29.743278 1326878556350 0.0
62.604267 29.743204 1326878558453 0.0
62.604451 29.743203 1326878560462 0.0
62.604644 29.743179 1326878562473 0.0
62.604748 29.743196 1326878564625 0.0
62.604922 29.743311 1326878568645 0.0
62.605119 29.743356 1326878570679 0.0
62.605271 29.743141 1326878572683 0.0
62.60541 29.743078 1326878574689 0.0
62.605526 29.743221 1326878576694 0.0
62.605601 29.743238 1326878578697 0.0
62.605688 29.743296 1326878580757 0.0
62.605767 29.743268 1326878584846 0.0
62.605879 29.743196 1326878586849 0.0
62.605994 29.743118 1326878588853 0.0
62.606107 29.743273 1326878590857 0.0
62.60625 29.743238 1326878592860 0.0
62.606462 29.743197 1326878594867 0.0
62.606665 29.74329 1326878596874 0.0
62.606953 29.743126 1326878600980 0.0
62.60709 29.743247 1326878602985 0.0