62.590073 29.740061 1327574182972 0.0
62.590169 29.740246 1327574185020 0.0
62.590348 29.740341 1327574187144 0.0
62.590388 29.74045 1327574189171 0.0
62.590418 29.740502 1327574191179 0.0
62.590468 29.740581 1327574193218 0.0
62.590824 29.74104 1327574197286 0.0
62.596084 29.745663 1327574199441 0.0
62.596204 29.745439 1327574201758 0.0
62.596216 29.745662 1327574203828 0.0
62.596338 29.7456 1327574205916 0.0
62.596556 29.745548 1327574207969 0.0
62.597095 29.745646 1327574209992 0.0
62.597978 29.745541 1327574214098 0.0
62.598221 29.745617 1327574216166 0.0
62.598557 29.745713 1327574218195 0.0
62.599943 29.744115 1327574220352 0.0
62.60002 29.744084 1327574222408 0.0
62.600043 29.743888 1327574224456 0.0
62.600168 29.743656 1327574228528 0.0
62.600278 29.743382 1327574230657 0.0
62.60045 29.743204 1327574232662 0.0
62.600582 29.743147 1327574234691 0.0
62.600732 29.743199 1327574236724 0.0
62.600769 29.743295 1327574238790 0.0
62.600818 29.743436 1327574240798 0.0
62.600952 29.743264 1327574244891 0.0
62.600973 29.743358 1327574246925 0.0
62.601049 29.743274 1327574248948 0.0
62.601247 29.743185 1327574250992 0.0
62.601332 29.743294 1327574253013 0.0
62.601426 29.743252 1327574255037 0.0
62.601645 29.743176 1327574257058 0.0
62.601977 29.743185 1327574261209 0.0
62.602096 29.743131 1327574263240 0.0
62.602248 29.743167 1327574265292 0.0
62.602406 29.743247 1327574267305 0.0
62.602542 29.743294 1327574269339 0.0
62.602674 29.743286 1327574271363 0.0
62.602799 29.74327 1327574273386 0.0