62.590097 29.740061 1327574464296 0.0
62.595323 29.745579 1327574466303 0.0
62.595654 29.745694 1327574471015 0.0
62.595745 29.745594 1327574473022 0.0
62.595919 29.745563 1327574475026 0.0
62.596018 29.745565 1327574477326 0.0
62.596077 29.745616 1327574479381 0.0
62.596152 29.745532 1327574481391 0.0
62.596895 29.745755 1327574485447 0.0
62.597978 29.745397 1327574487486 0.0
62.598224 29.745613 1327574489592 0.0
62.599126 29.744963 1327574491623 0.0
62.59927 29.74474 1327574493645 0.0
62.599318 29.744655 1327574495680 0.0
62.60012 29.743733 1327574497752 0.0
62.600271 29.743388 1327574501807 0.0
62.600448 29.743208 1327574503814 0.0
62.600576 29.743145 1327574505845 0.0
62.600732 29.743198 1327574507849 0.0
62.600782 29.743346 1327574509978 0.0
62.600825 29.743431 1327574511983 0.0
62.600898 29.743304 1327574514009 0.0
62.600974 29.74335 1327574518042 0.0
62.60111 29.743221 1327574520066 0.0
62.601275 29.74323 1327574522088 0.0
62.60134 29.743283 1327574524240 0.0
62.601488 29.743242 1327574526244 0.0
62.601683 29.743137 1327574528248 0.0
62.601873 29.743091 1327574530264 0.0
62.602106 29.743122 1327574534274 0.0
62.602246 29.743163 1327574536278 0.0
62.602339 29.743267 1327574538283 0.0
62.602339 29.743267 1327574540287 0.0
62.602339 29.743267 1327574542291 0.0
62.602339 29.743267 1327574544295 0.0
62.602339 29.743267 1327574546298 0.0