62.590097 29.740107 1329914184453 0.0
62.601324 29.743305 1329914188466 0.0
62.601359 29.743262 1329914190533 0.0
62.601602 29.74322 1329914192555 0.0
62.601766 29.743061 1329914194599 0.0
62.601974 29.743124 1329914196629 0.0
62.601987 29.743235 1329914198644 0.0
62.602201 29.743045 1329914200668 0.0
62.602509 29.743223 1329914204715 0.0
62.602581 29.743357 1329914206747 0.0
62.602785 29.743246 1329914208769 0.0
62.602903 29.743289 1329914210784 0.0
62.603144 29.743275 1329914212797 0.0
62.603346 29.743327 1329914214810 0.0
62.603479 29.743217 1329914216825 0.0
62.603679 29.743135 1329914220857 0.0
62.603852 29.743194 1329914222870 0.0
62.603999 29.743206 1329914224883 0.0
62.604092 29.743192 1329914226896 0.0
62.604155 29.74329 1329914228909 0.0
62.604239 29.743221 1329914230923 0.0
62.60441 29.743187 1329914232936 0.0
62.604741 29.743169 1329914236964 0.0
62.604789 29.743251 1329914238976 0.0
62.604898 29.743281 1329914240983 0.0
62.605094 29.743379 1329914242988 0.0
62.605261 29.743169 1329914244994 0.0
62.605388 29.743061 1329914247007 0.0
62.605525 29.743208 1329914249020 0.0
62.605688 29.743234 1329914253053 0.0
62.605709 29.743277 1329914255066 0.0
62.605758 29.743209 1329914257078 0.0
62.605834 29.74326 1329914259090 0.0
62.605968 29.743116 1329914261102 0.0
62.606072 29.743206 1329914263112 0.0
62.606208 29.743291 1329914265122 0.0
62.606618 29.743259 1329914269150 0.0
62.606796 29.743253 1329914271160 0.0
62.606935 29.74312 1329914273174 0.0
62.607049 29.743204 1329914275187 0.0
62.607194 29.743306 1329914277200 0.0
62.607289 29.743235 1329914279214 0.0
62.607376 29.743167 1329914281228 0.0
62.607676 29.743256 1329914285255 0.0
62.607738 29.743298 1329914287273 0.0
62.607837 29.743389 1329914289288 0.0
62.607948 29.743267 1329914291303 0.0
62.607959 29.74327 1329914293318 0.0
62.60802 29.743398 1329914295329 0.0
62.608157 29.743291 1329914297337 0.0
62.608524 29.743214 1329914301367 0.0
62.608729 29.74322 1329914303383 0.0
62.608872 29.743176 1329914305398 0.0
62.609008 29.743056 1329914307403 0.0
62.609173 29.743139 1329914309410 0.0
62.609339 29.743229 1329914311424 0.0
62.609458 29.743228 1329914313439 0.0
62.609576 29.743267 1329914317517 0.0
62.609662 29.74319 1329914320359 0.0
62.609758 29.743418 1329914322603 0.0
62.609902 29.743267 1329914325132 0.0
62.610066 29.74319 1329914328201 0.0
62.610338 29.743221 1329914332973 0.0
62.610523 29.743136 1329914335637 0.0
62.610612 29.743123 1329914338156 0.0
62.61075 29.743299 1329914340897 0.0
62.610929 29.743282 1329914343837 0.0
62.611396 29.743238 1329914349705 0.0
62.611563 29.743124 1329914352840 0.0
62.611652 29.743195 1329914356029 0.0
62.611893 29.743401 1329914358857 0.0
62.612253 29.74325 1329914365071 0.0
62.612475 29.743372 1329914368137 0.0
62.612715 29.7433 1329914370905 0.0
62.612936 29.743268 1329914373405 0.0
62.61317 29.743115 1329914375943 0.0