62.615029 29.827998 1329687780034 0.0
62.615016 29.828083 1329687782105 0.0
62.614991 29.828073 1329687784025 0.0
62.615036 29.828096 1329687786032 0.0
62.615021 29.828034 1329687788337 0.0
62.615021 29.828034 1329687790342 0.0
62.615021 29.828034 1329687792060 0.0
62.615021 29.828034 1329687796046 0.0
62.615021 29.828034 1329687798037 0.0
62.615021 29.828034 1329687800025 0.0
62.615164 29.827705 1329687802032 0.0
62.615471 29.827337 1329687804073 0.0
62.615471 29.827337 1329687806227 0.0
62.615471 29.827337 1329687808096 0.0
62.615548 29.827272 1329687812027 0.0
62.61565 29.827217 1329687814027 0.0
62.61565 29.827217 1329687816068 0.0
62.615706 29.827043 1329687818038 0.0
62.615715 29.826855 1329687820029 0.0
62.615669 29.826812 1329687822046 0.0
62.615602 29.826828 1329687824083 0.0
62.615576 29.826801 1329687828029 0.0
62.615541 29.826661 1329687830036 0.0
62.615541 29.826661 1329687832027 0.0
62.615469 29.826598 1329687834347 0.0
62.615459 29.826615 1329687836046 0.0
62.615443 29.82664 1329687838132 0.0
62.615443 29.82664 1329687840041 0.0
62.614776 29.829389 1329687931880 0.0
62.614776 29.829389 1329687933962 0.0
62.614776 29.829389 1329687935904 0.0
62.614776 29.829389 1329687937880 0.0
62.614776 29.829389 1329687939873 0.0
62.614776 29.829389 1329687943916 0.0
62.614776 29.829389 1329687945875 0.0
62.614776 29.829389 1329687947902 0.0
62.614776 29.829389 1329687949874 0.0
62.614776 29.829389 1329687951871 0.0
62.614787 29.828267 1329687953874 0.0
62.614184 29.827504 1329687957799 0.0
62.614358 29.827962 1329687960418 0.0
62.614665 29.828184 1329687962338 0.0
62.614674 29.828173 1329687964404 0.0
62.614728 29.828257 1329687966454 0.0
62.614744 29.828256 1329687968338 0.0
62.614667 29.828256 1329687970389 0.0
62.614646 29.828268 1329687972352 0.0
62.614659 29.828336 1329687976454 0.0
62.614666 29.82839 1329687978338 0.0
62.614643 29.828386 1329687980357 0.0
62.614604 29.828362 1329687982352 0.0
62.614604 29.828362 1329687984346 0.0
62.614545 29.828358 1329687986381 0.0
62.614509 29.828327 1329687988351 0.0
62.614501 29.828358 1329687992412 0.0
62.614461 29.828348 1329687994427 0.0
62.614461 29.828353 1329687996338 0.0
62.614483 29.82839 1329687998337 0.0
62.614489 29.828391 1329688000330 0.0
62.614499 29.828398 1329688002369 0.0
62.614503 29.8284 1329688004344 0.0
62.614528 29.828566 1329688008487 0.0
62.61453 29.828585 1329688010610 0.0
62.614552 29.828647 1329688012617 0.0
62.614554 29.828647 1329688014331 0.0
62.61456 29.828644 1329688016373 0.0
62.61456 29.828655 1329688018394 0.0
62.614576 29.828692 1329688020451 0.0
62.614594 29.828668 1329688024466 0.0
62.614594 29.828634 1329688026368 0.0
62.614596 29.828641 1329688028338 0.0
62.614586 29.828561 1329688030353 0.0
62.614608 29.828578 1329688032450 0.0
62.614595 29.828565 1329688034346 0.0
62.614605 29.828515 1329688036351 0.0
62.614646 29.828446 1329688040337 0.0
62.614634 29.828488 1329688042337 0.0
62.614666 29.828558 1329688044331 0.0
62.614659 29.828583 1329688046344 0.0
62.614665 29.828602 1329688048340 0.0
62.614667 29.82859 1329688050339 0.0
62.614662 29.828528 1329688052431 0.0
62.614684 29.828539 1329688056335 0.0
62.614671 29.828532 1329688058332 0.0
62.614685 29.828521 1329688060337 0.0
62.614698 29.828534 1329688062337 0.0
62.614678 29.828498 1329688064341 0.0
62.614674 29.828502 1329688066409 0.0
62.614653 29.828494 1329688068490 0.0
62.614672 29.828526 1329688072347 0.0
62.61466 29.828508 1329688074345 0.0
62.614663 29.828502 1329688076339 0.0
62.614659 29.828496 1329688078338 0.0
62.61463 29.828517 1329688080467 0.0
62.614628 29.82852 1329688082356 0.0
62.614633 29.828532 1329688084349 0.0
62.61464 29.828548 1329688088356 0.0
62.614643 29.828539 1329688090336 0.0
62.614689 29.828546 1329688092340 0.0
62.61472 29.828541 1329688094347 0.0
62.614728 29.828539 1329688096349 0.0
62.61475 29.828519 1329688098367 0.0
62.61471 29.828494 1329688100370 0.0
62.614296 29.82831 1329688178457 0.0
62.614296 29.82831 1329688180296 0.0
62.614296 29.82831 1329688182287 0.0
62.614296 29.82831 1329688184304 0.0
62.614296 29.82831 1329688186311 0.0
62.614296 29.82831 1329688188291 0.0
62.614652 29.828798 1329688192343 0.0
62.614604 29.828467 1329688194298 0.0
62.614656 29.82859 1329688196290 0.0
62.614646 29.828588 1329688198338 0.0
62.614676 29.828509 1329688200312 0.0
62.614676 29.828462 1329688202327 0.0
62.614616 29.828477 1329688204290 0.0
62.614617 29.828509 1329688208286 0.0
62.614616 29.82853 1329688210290 0.0
62.614607 29.828527 1329688212306 0.0
62.614603 29.828515 1329688214294 0.0
62.614602 29.828511 1329688216287 0.0
62.614599 29.828504 1329688218295 0.0
62.614595 29.828501 1329688220286 0.0
62.614596 29.828464 1329688224286 0.0
62.614606 29.828422 1329688226298 0.0
62.614643 29.828415 1329688228288 0.0
62.614644 29.8284 1329688230287 0.0
62.61464 29.82839 1329688232289 0.0
62.614656 29.828363 1329688234285 0.0
62.614658 29.828349 1329688236285 0.0
62.614655 29.828367 1329688240287 0.0
62.614646 29.828414 1329688242286 0.0
62.614635 29.828426 1329688244289 0.0
62.61458 29.828493 1329688246287 0.0
62.614545 29.828428 1329688248289 0.0
62.614546 29.828426 1329688250293 0.0
62.614547 29.828378 1329688252291 0.0
62.614562 29.82832 1329688256286 0.0
62.614555 29.828314 1329688258285 0.0
62.614551 29.828312 1329688260292 0.0
62.614552 29.828305 1329688262291 0.0
62.614554 29.828304 1329688264284 0.0
62.614557 29.828301 1329688266288 0.0
62.614564 29.828297 1329688268291 0.0
62.614597 29.828304 1329688272298 0.0
62.614598 29.828307 1329688274292 0.0
62.6146 29.828312 1329688276319 0.0
62.614604 29.828305 1329688278286 0.0
62.6146 29.828306 1329688280287 0.0
62.614603 29.828282 1329688282293 0.0
62.614589 29.828319 1329688284295 0.0
62.614593 29.828306 1329688288288 0.0
62.614597 29.8283 1329688290311 0.0
62.614626 29.828236 1329688292304 0.0
62.614637 29.828204 1329688294297 0.0
62.61464 29.8282 1329688296307 0.0
62.61465 29.828173 1329688298294 0.0
62.614657 29.828156 1329688300286 0.0
62.614719 29.828056 1329688304287 0.0
62.614752 29.828006 1329688306287 0.0
62.614774 29.828001 1329688308362 0.0
62.614782 29.828012 1329688310311 0.0
62.614788 29.828018 1329688312326 0.0
62.614798 29.828032 1329688314316 0.0
62.614773 29.828128 1329688316290 0.0
62.614741 29.828171 1329688320332 0.0
62.614704 29.828243 1329688322294 0.0
62.614684 29.82828 1329688324320 0.0
62.614667 29.828304 1329688326338 0.0
62.614667 29.8283 1329688328286 0.0
62.614667 29.8283 1329688330294 0.0
62.614664 29.828301 1329688332320 0.0
62.614652 29.828308 1329688336347 0.0
62.614657 29.828235 1329688338300 0.0
62.614652 29.828179 1329688340293 0.0
62.61465 29.828164 1329688342446 0.0
62.61465 29.828158 1329688344288 0.0
62.614635 29.828142 1329688346536 0.0
62.614628 29.828149 1329688348322 0.0
62.614583 29.8282 1329688352331 0.0
62.614541 29.828262 1329688354303 0.0
62.614537 29.828336 1329688356288 0.0
62.614538 29.828384 1329688358330 0.0
62.614543 29.828409 1329688360293 0.0
62.614558 29.828408 1329688362467 0.0
62.614563 29.828407 1329688364311 0.0
62.614572 29.828411 1329688368337 80.1
62.61494 29.828271 1329688428787 0.0
62.61494 29.828271 1329688430803 0.0
62.61494 29.828271 1329688432798 0.0
62.61494 29.828271 1329688434836 0.0
62.61494 29.828271 1329688436795 0.0
62.61494 29.828271 1329688438786 0.0
62.61494 29.828271 1329688440785 0.0
62.61494 29.828271 1329688444790 0.0
62.61494 29.828271 1329688446788 0.0
62.61494 29.828271 1329688448793 0.0
62.61494 29.828271 1329688450789 0.0
62.61494 29.828271 1329688452806 0.0
62.61494 29.828271 1329688454822 0.0
62.61494 29.828271 1329688456802 0.0
62.61494 29.828271 1329688460797 80.1
62.61494 29.828271 1329688462806 80.1
62.614531 29.828048 1329688470438 0.0
62.614535 29.828017 1329688470786 0.0
62.614527 29.827998 1329688472813 0.0
62.614478 29.827941 1329688474808 0.0
62.614441 29.82812 1329688476790 0.0
62.61423 29.828423 1329688478822 0.0
62.614187 29.828477 1329688480797 0.0
62.614297 29.828541 1329688484856 0.0
62.61434 29.828485 1329688486851 0.0
62.614333 29.828434 1329688488840 0.0
62.614326 29.828364 1329688490786 0.0
62.614347 29.828386 1329688492847 0.0
62.614375 29.82841 1329688494789 0.0
62.614368 29.8284 1329688496787 0.0
62.614388 29.828441 1329688500827 0.0
62.6144 29.828443 1329688502842 0.0
62.61442 29.828418 1329688504786 0.0
62.614438 29.828453 1329688506793 0.0
62.614447 29.828452 1329688508784 0.0
62.614452 29.82842 1329688510786 0.0
62.61445 29.828402 1329688512786 0.0
62.614462 29.828312 1329688516791 0.0
62.614469 29.828298 1329688518790 0.0
62.614466 29.82828 1329688520797 0.0
62.614463 29.82827 1329688522785 0.0
62.614461 29.828265 1329688524791 0.0
62.614424 29.82821 1329688526813 0.0
62.614381 29.828149 1329688528791 0.0
62.614329 29.828144 1329688532786 109.7
62.614294 29.828121 1329688534818 107.5
62.614276 29.828112 1329688536813 107.3
62.614281 29.828141 1329688538790 108.7
62.614263 29.828132 1329688540824 108.5
62.614226 29.828177 1329688542836 108.6
62.614222 29.828202 1329688544801 108.9