62.597633 29.742806 1329922548234 0.0
62.597633 29.742806 1329922550234 0.0
62.598162 29.744418 1329922552234 0.0
62.598188 29.744545 1329922554236 0.0
62.598206 29.744592 1329922556263 0.0
62.598223 29.74459 1329922558242 0.0
62.598241 29.744524 1329922560257 0.0
62.598278 29.744483 1329922564254 0.0
62.598297 29.744439 1329922566295 0.0
62.598322 29.744443 1329922568249 0.0
62.598346 29.744466 1329922570250 0.0
62.598369 29.744484 1329922572271 0.0
62.598392 29.744506 1329922574249 0.0
62.598404 29.744514 1329922576267 0.0
62.598469 29.744541 1329922580261 0.0
62.598493 29.74454 1329922582439 0.0
62.598519 29.744561 1329922584246 0.0
62.598532 29.744574 1329922586255 0.0
62.598568 29.744596 1329922588273 0.0
62.59858 29.744598 1329922590261 0.0
62.598612 29.744638 1329922592240 0.0
62.598658 29.744697 1329922596234 0.0
62.598678 29.744723 1329922598233 0.0
62.598686 29.744736 1329922600233 0.0
62.598715 29.744776 1329922602234 0.0
62.598736 29.74479 1329922604235 0.0
62.598754 29.744816 1329922606242 0.0
62.598772 29.744838 1329922608235 0.0
62.598946 29.745184 1329922628234 0.0
62.598957 29.745198 1329922630233 0.0
62.598984 29.745254 1329922632233 0.0
62.598999 29.745294 1329922634234 0.0
62.59901 29.745333 1329922636263 0.0
62.599026 29.74538 1329922638261 0.0
62.599047 29.745374 1329922640235 0.0
62.599109 29.745445 1329922644233 0.0
62.599129 29.74548 1329922646234 0.0
62.599142 29.745524 1329922648240 0.0
62.599149 29.745543 1329922650240 0.0
62.599179 29.745602 1329922652232 0.0
62.599204 29.74563 1329922654241 0.0
62.599223 29.745612 1329922656234 0.0
62.599265 29.745646 1329922660243 78.4
62.599294 29.745642 1329922662243 79.4
62.599335 29.745686 1329922664324 79.1
62.599368 29.745723 1329922666252 79.3