62.59788 29.744384 1334320781680 103.3
62.597873 29.744377 1334320783719 101.5
62.597868 29.74437 1334320785694 100.5
62.597868 29.744367 1334320787652 100.3
62.597869 29.744356 1334320789872 99.7
62.59787 29.744353 1334320791651 99.3
62.597874 29.744346 1334320793651 98.4
62.597876 29.744343 1334320797652 98.0
62.597877 29.744342 1334320799649 97.8
62.597878 29.744341 1334320801649 97.8
62.597881 29.744342 1334320803666 97.3
62.597874 29.74435 1334320805713 96.3
62.597864 29.744342 1334320807953 95.2
62.597853 29.744334 1334320809663 94.8
62.597835 29.744286 1334320813652 92.2
62.597829 29.744274 1334320815664 91.7
62.597811 29.744249 1334320817652 90.0
62.597796 29.744248 1334320819654 89.4
62.597791 29.74425 1334320821661 89.2
62.597777 29.744236 1334320823656 89.2
62.59777 29.744229 1334320825701 89.2
62.597738 29.744181 1334320829673 87.9
62.59773 29.74415 1334320831668 86.8
62.597723 29.74413 1334320833669 85.3
62.597715 29.744119 1334320835675 85.0
62.597694 29.74409 1334320837676 83.4
62.597684 29.744068 1334320839751 81.9
62.597672 29.744052 1334320841842 80.4
62.59767 29.744039 1334320845673 79.3
62.597683 29.744053 1334320847652 79.7
62.59769 29.74406 1334320849649 80.0
62.597713 29.744078 1334320851650 79.9
62.597727 29.744097 1334320853651 80.2
62.597743 29.744116 1334320855659 80.5
62.597758 29.744129 1334320857651 80.1
62.59779 29.744159 1334320861649 79.5
62.597803 29.74417 1334320863667 79.8
62.597812 29.744186 1334320865650 80.3
62.597825 29.744198 1334320867650 79.9
62.597831 29.744206 1334320869651 79.7
62.597856 29.744217 1334320872151 79.4
62.597874 29.744215 1334320873656 79.0
62.597914 29.744185 1334320877652 79.1
62.597923 29.744174 1334320879658 79.0
62.59794 29.744158 1334320881650 78.0
62.597946 29.744145 1334320883679 78.2
62.597952 29.744138 1334320885651 78.3
62.597951 29.744159 1334320887657 78.4
62.59795 29.744171 1334320889659 78.4
62.597935 29.744275 1334320893649 78.5
62.597924 29.744342 1334320895652 78.5
62.597924 29.744342 1334320897649 78.5
62.597924 29.744342 1334320899652 78.5
62.597924 29.744342 1334320901652 78.5
62.597924 29.744342 1334320903649 78.5
62.597924 29.744342 1334320905653 78.5
62.597924 29.744342 1334320909649 78.5
62.597924 29.744342 1334320911649 78.5
62.597924 29.744342 1334320913652 78.5
62.597924 29.744342 1334320915649 78.5
62.597924 29.744342 1334320917652 78.5
62.597924 29.744342 1334320919652 78.5
62.597924 29.744342 1334320921649 78.5
62.597924 29.744342 1334320925649 78.5
62.597924 29.744342 1334320927652 78.5
62.597924 29.744342 1334320929649 78.5
62.597924 29.744342 1334320931652 78.5
62.597924 29.744342 1334320933649 78.5
62.597924 29.744342 1334320935654 78.5
62.597924 29.744342 1334320937651 78.5
62.597924 29.744342 1334320941652 78.5
62.597924 29.744342 1334320943652 78.5
62.597924 29.744342 1334320945649 78.5
62.597924 29.744342 1334320947676 78.5
62.597924 29.744342 1334320949655 78.5
62.597924 29.744342 1334320951661 78.5
62.597924 29.744342 1334320953699 78.5
62.597924 29.744342 1334320957649 78.5
62.597924 29.744342 1334320959796 78.5
62.597924 29.744342 1334320961649 78.5
62.597924 29.744342 1334320963653 78.5
62.597924 29.744342 1334320965676 78.5
62.597924 29.744342 1334320967660 78.5
62.597924 29.744342 1334320969651 78.5
62.597924 29.744342 1334320973649 78.5
62.597924 29.744342 1334320975649 78.5
62.597924 29.744342 1334320977671 78.5
62.598723 29.742396 1334320979649 78.9
62.59878 29.742069 1334320981651 78.9
62.598793 29.742036 1334320983651 78.9
62.598814 29.742004 1334320985658 78.9
62.598814 29.742004 1334320989649 78.9
62.598814 29.742004 1334320991649 78.9
62.598814 29.742004 1334320993649 78.9
62.598814 29.742004 1334320995653 78.9
62.598814 29.742004 1334320997649 78.9
62.598814 29.742004 1334320999700 78.9
62.598814 29.742004 1334321001651 78.9