62.59799 29.743576 1334219048061 170.9
62.597927 29.743462 1334219049498 166.0
62.598143 29.743212 1334219057407 199.1
62.598143 29.743212 1334219059196 207.5
62.598173 29.743309 1334219059391 219.5
62.598173 29.743309 1334219059429 219.5
62.598173 29.743309 1334219059588 219.5
62.598215 29.743493 1334219063988 229.9
62.598246 29.743428 1334219065982 230.0
62.59825 29.743404 1334219067985 229.1
62.598294 29.743192 1334219069981 223.3
62.598301 29.743162 1334219071981 220.6
62.598308 29.74314 1334219073977 218.1
62.598311 29.743104 1334219075987 215.5
62.598363 29.742944 1334219079979 198.4
62.598368 29.742907 1334219081980 198.4
62.598388 29.74286 1334219083980 187.3
62.5984 29.742812 1334219085978 181.8
62.598404 29.742797 1334219087979 181.3
62.598436 29.742737 1334219089986 185.9
62.598438 29.742731 1334219091985 186.3
62.598449 29.742642 1334219095982 175.7
62.598452 29.742588 1334219098758 166.5
62.598454 29.742575 1334219099985 163.2
62.598456 29.742561 1334219102111 159.7
62.598462 29.742558 1334219103981 160.5
62.59846 29.742559 1334219105985 159.9
62.598456 29.742563 1334219107979 159.8
62.59845 29.742573 1334219111982 159.7
62.598447 29.742577 1334219113980 159.0
62.598444 29.742582 1334219115980 159.5
62.598439 29.742581 1334219117981 159.4
62.598431 29.74257 1334219119977 159.6
62.598429 29.742567 1334219121984 160.0
62.59842 29.74255 1334219123981 159.8
62.598408 29.742521 1334219127977 160.5
62.598397 29.742508 1334219130226 160.3
62.598388 29.742502 1334219131980 160.4
62.598385 29.742499 1334219133982 160.2
62.598384 29.742492 1334219135978 159.5
62.598388 29.74248 1334219137984 161.8
62.598387 29.742461 1334219139984 163.1
62.598368 29.742429 1334219143997 166.9
62.59836 29.742423 1334219145976 166.6
62.598334 29.742412 1334219147982 165.1
62.598314 29.742412 1334219149981 166.2
62.598293 29.742387 1334219151982 163.5
62.598276 29.742368 1334219153995 163.3
62.598268 29.742357 1334219155980 163.9
62.598232 29.742306 1334219159982 158.6
62.598211 29.742293 1334219161981 161.8
62.598188 29.742281 1334219163980 165.0
62.598168 29.742251 1334219165982 165.5
62.598144 29.742244 1334219167981 168.7
62.59814 29.742237 1334219169980 170.9
62.598107 29.742268 1334219171982 168.1
62.598096 29.742298 1334219175979 153.6
62.598082 29.74232 1334219177982 148.7
62.598083 29.742336 1334219179978 147.6
62.598082 29.742389 1334219181977 142.0
62.598061 29.742404 1334219183981 136.5
62.598045 29.742427 1334219185981 132.4
62.598028 29.742457 1334219187987 129.3
62.597976 29.742522 1334219191976 123.1
62.597972 29.74253 1334219193981 122.7
62.597964 29.742529 1334219195982 122.3
62.597958 29.742527 1334219197982 121.5
62.597953 29.742525 1334219199983 120.8
62.597948 29.742523 1334219201983 119.9
62.597945 29.742519 1334219203980 119.8
62.597926 29.742522 1334219207978 117.3
62.597922 29.74252 1334219209977 117.3
62.597914 29.742518 1334219211981 116.6
62.597904 29.742514 1334219213978 115.8
62.597893 29.742517 1334219215978 114.4
62.597886 29.742517 1334219217985 113.2
62.597884 29.742516 1334219219980 113.0
62.597877 29.742515 1334219223977 112.1
62.597876 29.742516 1334219225978 111.7
62.59786 29.742516 1334219227977 111.6
62.597851 29.742509 1334219229980 109.8
62.597837 29.74251 1334219231983 109.0
62.597834 29.742509 1334219233977 108.5
62.59782 29.742491 1334219235980 106.1
62.597801 29.742482 1334219239981 101.2
62.597798 29.742502 1334219241979 98.6
62.597799 29.742502 1334219243981 98.2
62.597791 29.742492 1334219245980 99.5
62.597794 29.742489 1334219247981 99.3
62.597788 29.742497 1334219249982 98.8
62.597774 29.74252 1334219251993 97.1
62.597723 29.742675 1334219255987 95.3
62.597698 29.742766 1334219258006 94.8
62.597668 29.742822 1334219260006 93.3
62.597642 29.742817 1334219262004 93.1
62.597631 29.742807 1334219264012 92.9
62.597603 29.74279 1334219266007 92.4
62.597597 29.742744 1334219268007 91.2
62.597616 29.742586 1334219271980 88.7
62.597625 29.742531 1334219273980 88.1
62.597671 29.742347 1334219275981 86.6
62.597704 29.742204 1334219277982 86.2
62.597732 29.742048 1334219279980 85.5
62.597763 29.741891 1334219281982 85.1
62.597782 29.741814 1334219283996 85.1
62.597849 29.74141 1334219287981 83.3
62.59788 29.741253 1334219289986 82.5
62.597914 29.741097 1334219291976 82.1
62.597931 29.74102 1334219293997 82.1
62.59797 29.740778 1334219295979 83.5
62.598001 29.740619 1334219297984 83.8
62.598029 29.740461 1334219299981 84.1
62.598083 29.740158 1334219303999 86.5
62.598128 29.740066 1334219306049 86.1
62.598208 29.740108 1334219308442 86.1
62.598236 29.740138 1334219310033 86.0
62.598303 29.740192 1334219312028 86.3
62.598373 29.740247 1334219314032 86.5
62.598443 29.740305 1334219316039 86.2
62.598582 29.740428 1334219320053 86.4
62.59865 29.74049 1334219322028 86.3
62.598722 29.740557 1334219324065 86.7
62.598794 29.740624 1334219326093 86.8
62.598829 29.740658 1334219328127 86.7
62.598932 29.740755 1334219330104 86.6
62.599001 29.740812 1334219332751 86.6
62.599141 29.740882 1334219336263 87.5
62.599289 29.740864 1334219339736 89.1
62.599324 29.740864 1334219340317 88.9
62.599395 29.740902 1334219342363 88.9
62.59943 29.74093 1334219344104 88.8
62.599464 29.740962 1334219345983 89.1
62.599573 29.741053 1334219347977 91.4
62.599702 29.741184 1334219352085 91.4
62.599749 29.741128 1334219354101 90.5
62.599762 29.741059 1334219355979 90.2
62.599802 29.740816 1334219357977 89.1
62.599836 29.740655 1334219359987 89.1
62.59987 29.740499 1334219362016 89.0
62.599904 29.740348 1334219363982 89.5
62.599941 29.740051 1334219367976 90.0
62.599965 29.739919 1334219369982 90.0
62.599989 29.73979 1334219371981 90.2
62.599993 29.739631 1334219373985 90.4
62.599996 29.739548 1334219375988 90.2
62.600064 29.739396 1334219377988 88.6
62.60013 29.739432 1334219379979 87.6
62.600249 29.739573 1334219383978 85.6
62.600281 29.7396 1334219385981 84.7
62.600378 29.739699 1334219388072 83.5
62.60041 29.739732 1334219390060 83.2
62.600503 29.739815 1334219392026 82.7
62.600568 29.739875 1334219393976 82.4
62.600658 29.739985 1334219396652 82.0
62.60077 29.740153 1334219400546 82.3
62.600799 29.7402 1334219402045 82.2
62.600822 29.74026 1334219403981 82.4
62.600836 29.740497 1334219405981 82.7
62.600816 29.740659 1334219407982 83.0
62.600791 29.740814 1334219409981 82.7
62.600762 29.740965 1334219411978 82.3
62.6007 29.741248 1334219415980 81.8
62.600674 29.741385 1334219417981 81.9
62.600642 29.741533 1334219419982 82.0
62.600612 29.741685 1334219421976 81.7
62.6006 29.741755 1334219423978 81.3
62.600566 29.74192 1334219425978 81.0
62.60055 29.741996 1334219427976 80.4
62.600523 29.742105 1334219431978 79.0
62.600502 29.742194 1334219433976 78.4
62.600478 29.742304 1334219435979 77.8
62.600469 29.742361 1334219437981 77.3
62.600476 29.742588 1334219439990 83.7
62.600483 29.742702 1334219441978 83.8
62.60052 29.742792 1334219443982 83.0
62.600603 29.742916 1334219447981 82.7
62.600707 29.742927 1334219449981 83.1
62.600763 29.742842 1334219451984 83.2
62.600812 29.742733 1334219453983 84.0
62.600854 29.74261 1334219456001 85.4
62.600864 29.742537 1334219457984 83.8
62.600883 29.742298 1334219459981 78.7
62.600857 29.742121 1334219463982 78.4
62.600864 29.742187 1334219466079 79.4
62.600859 29.742228 1334219467981 79.1
62.600834 29.742402 1334219470126 78.5
62.600843 29.742544 1334219471987 78.6
62.600861 29.742663 1334219474063 78.1
62.600908 29.742764 1334219475976 78.1
62.601016 29.74301 1334219479983 78.7
62.601046 29.743071 1334219481981 78.2
62.601148 29.74321 1334219483982 78.8
62.60118 29.743235 1334219485981 78.8
62.601271 29.743249 1334219487980 79.5
62.60135 29.743312 1334219489982 78.3
62.601436 29.743348 1334219491983 77.8
62.601569 29.743397 1334219495980 78.6
62.601688 29.743421 1334219497979 78.9
62.601768 29.743411 1334219499981 80.4
62.60186 29.743424 1334219501977 80.3
62.601952 29.743454 1334219504893 80.6
62.601994 29.743485 1334219505983 80.9
62.602104 29.743666 1334219508624 79.9
62.60217 29.743773 1334219511986 78.5
62.602229 29.743838 1334219513985 78.5
62.602296 29.743901 1334219516008 78.5
62.602359 29.743962 1334219517985 77.9
62.602424 29.744017 1334219519987 77.3
62.602478 29.744064 1334219521984 76.4
62.602498 29.744083 1334219524001 75.8
62.602594 29.744168 1334219528212 74.3
62.602645 29.744209 1334219530518 72.9
62.602667 29.74423 1334219532053 73.2
62.602691 29.74425 1334219533986 72.6
62.602768 29.744354 1334219535984 71.0
62.602775 29.744422 1334219537985 70.8
62.602742 29.744642 1334219539982 69.8
62.602624 29.744754 1334219544005 71.3
62.602564 29.744699 1334219545981 71.7
62.602504 29.744623 1334219547977 71.9
62.602451 29.744556 1334219549978 72.2
62.602424 29.744534 1334219551977 72.5
62.602359 29.744471 1334219553977 73.6
62.602313 29.744446 1334219555981 75.1
62.602245 29.744503 1334219559991 77.2
62.60231 29.74456 1334219562502 76.6
62.602342 29.744568 1334219563981 77.1
62.602409 29.744584 1334219566249 77.1
62.602507 29.744611 1334219568476 76.7
62.602541 29.74463 1334219569992 76.6
62.602604 29.744688 1334219572027 76.0
62.602681 29.744773 1334219575980 75.4
62.60278 29.744839 1334219579441 76.7
62.602829 29.744847 1334219580917 77.1
62.60288 29.744883 1334219584154 77.5
62.602934 29.744933 1334219584605 77.5
62.602962 29.744954 1334219585995 78.3
62.602988 29.744974 1334219588415 78.6
62.603109 29.744998 1334219592447 79.3
62.603125 29.744989 1334219594003 79.6
62.603144 29.744975 1334219595977 80.0
62.603223 29.744962 1334219597982 80.8
62.603273 29.745014 1334219599982 80.3
62.603297 29.745115 1334219601982 79.3
62.603276 29.745219 1334219603982 79.0
62.603265 29.745274 1334219605977 79.1
62.603325 29.745495 1334219609982 77.9
62.603339 29.7456 1334219611986 77.6
62.603323 29.745719 1334219613982 77.7
62.603314 29.745779 1334219615981 77.9
62.60327 29.745982 1334219618087 78.3
62.603256 29.746056 1334219619984 78.4
62.603222 29.746285 1334219621993 78.3
62.603174 29.74656 1334219625978 79.4
62.603123 29.74673 1334219629023 80.3
62.603123 29.74673 1334219630093 80.3
62.603096 29.746926 1334219631986 79.6
62.603085 29.746987 1334219633990 79.5
62.603058 29.74716 1334219635977 80.0
62.603039 29.747279 1334219637982 80.1
62.602992 29.747573 1334219641980 80.5
62.602977 29.747653 1334219643977 80.5
62.603 29.74789 1334219645984 81.0
62.603063 29.747989 1334219647976 81.4
62.603127 29.748054 1334219649983 81.4
62.603178 29.748063 1334219651982 81.1
62.603217 29.748028 1334219653982 81.2
62.603263 29.747882 1334219657977 80.5
62.603305 29.747696 1334219659984 79.5
62.603337 29.747561 1334219662165 79.1
62.603366 29.747421 1334219663982 78.5
62.603393 29.747276 1334219665982 78.1
62.60342 29.747133 1334219667985 77.6
62.60345 29.746989 1334219669992 77.6
62.603513 29.746686 1334219673976 77.4
62.603543 29.746538 1334219676008 77.2
62.603586 29.746308 1334219678544 76.8
62.603623 29.746162 1334219680618 76.5
62.603666 29.746006 1334219682437 76.6
62.603689 29.745924 1334219683981 77.4
62.603747 29.745645 1334219686574 77.9
62.603824 29.74539 1334219689992 77.9
62.603874 29.745246 1334219691981 77.8
62.603931 29.745175 1334219693977 76.4
62.603957 29.745138 1334219695981 75.6
62.604007 29.744969 1334219697983 75.1
62.604033 29.74487 1334219699982 74.3
62.604042 29.744893 1334219701978 75.4
62.604011 29.744968 1334219706014 76.3
62.60399 29.745014 1334219708438 76.8
62.60399 29.745014 1334219710097 76.8
62.603976 29.745058 1334219711976 78.9
62.603963 29.745073 1334219713982 78.9
62.603963 29.745074 1334219715983 79.0
62.603962 29.745074 1334219718588 79.2
62.603962 29.745074 1334219722019 79.5
62.603963 29.745074 1334219724726 79.7
62.603963 29.745072 1334219730810 79.9
62.603963 29.745073 1334219730811 79.8
62.603963 29.745072 1334219730821 79.9
62.603961 29.745071 1334219733027 79.7
62.60396 29.745078 1334219734001 80.1
62.603936 29.745128 1334219737991 80.9
62.603918 29.745154 1334219740577 82.3
62.603881 29.745184 1334219744097 81.9
62.603881 29.745184 1334219744521 80.9
62.603867 29.74521 1334219745981 80.4
62.60385 29.745235 1334219747988 79.8
62.603841 29.74526 1334219749983 79.7
62.603786 29.745355 1334219754043 80.9
62.603747 29.74539 1334219756749 81.4
62.60374 29.745388 1334219758648 81.8
62.603692 29.74538 1334219761636 82.6
62.603692 29.74538 1334219762975 82.6
62.60365 29.745344 1334219766723 83.3
62.60365 29.745344 1334219766779 83.6
62.603604 29.745305 1334219770493 85.1
62.603573 29.745276 1334219772846 88.7
62.603563 29.745266 1334219774143 89.6
62.603547 29.74526 1334219775977 91.7
62.603533 29.745253 1334219777983 92.8
62.603522 29.745244 1334219779976 92.8
62.603462 29.745213 1334219781982 93.3
62.603356 29.745276 1334219785976 93.1
62.603308 29.745413 1334219788013 93.9
62.603271 29.745592 1334219790018 94.2
62.603231 29.745772 1334219791998 94.1
62.603194 29.745938 1334219793989 94.2
62.603157 29.746106 1334219795987 93.9
62.603098 29.746449 1334219799982 92.4
62.603078 29.746617 1334219802098 91.7
62.603052 29.746802 1334219804051 91.2
62.603019 29.747009 1334219806083 90.8
62.60297 29.747202 1334219807986 90.4
62.602926 29.747384 1334219810058 90.0
62.602874 29.747682 1334219812604 89.1
62.60284 29.747878 1334219815982 88.4
62.602785 29.748147 1334219817982 87.9
62.602753 29.748312 1334219819980 88.0
62.602732 29.748439 1334219821981 87.2
62.602695 29.74852 1334219823981 88.5
62.602686 29.748526 1334219825980 88.3
62.602686 29.748527 1334219827991 88.2
62.602686 29.748528 1334219831982 88.0
62.602686 29.748528 1334219833982 88.0
62.602683 29.748532 1334219835982 87.8
62.602658 29.748508 1334219837982 87.3
62.602636 29.748496 1334219839991 86.8
62.602539 29.748432 1334219841991 85.9
62.6025 29.748392 1334219843981 85.8
62.602298 29.748221 1334219848004 84.3
62.602216 29.748147 1334219849986 84.4
62.602136 29.748085 1334219851982 84.3
62.602098 29.748054 1334219853977 83.9
62.601979 29.747943 1334219855980 84.2
62.601901 29.747877 1334219857986 84.1
62.601783 29.747771 1334219860541 83.7
62.601667 29.747678 1334219864012 83.3
62.601518 29.74754 1334219867654 83.4
62.601518 29.74754 1334219867982 83.3
62.601442 29.74747 1334219869983 83.2
62.601363 29.747399 1334219871981 83.0
62.601287 29.747332 1334219873983 83.4
62.60125 29.747297 1334219875983 83.5
62.601116 29.747167 1334219879980 84.8
62.601008 29.747084 1334219881984 85.1
62.600968 29.747052 1334219883979 85.0
62.600848 29.746949 1334219885983 84.6
62.600767 29.746871 1334219887984 84.8
62.600686 29.746794 1334219889985 85.0
62.600604 29.746722 1334219892142 85.2
62.600447 29.746573 1334219895985 85.9
62.600409 29.746538 1334219897985 86.1
62.600288 29.746437 1334219899984 85.3
62.600248 29.746406 1334219901984 85.0
62.600123 29.746306 1334219903984 84.0
62.60004 29.746238 1334219905984 83.5
62.599956 29.746169 1334219907983 82.9
62.599834 29.746055 1334219912004 82.6
62.599713 29.745943 1334219913982 82.4
62.59967 29.745909 1334219915980 81.9
62.599516 29.745749 1334219918524 83.7
62.599477 29.745717 1334219919981 83.5
62.599399 29.745669 1334219921977 82.6
62.599322 29.745603 1334219924023 82.4
62.599158 29.74549 1334219928635 80.9
62.599079 29.745419 1334219929985 80.7
62.599003 29.745357 1334219931982 80.0
62.598931 29.745282 1334219933984 80.5
62.598858 29.745216 1334219936035 80.4
62.598822 29.745184 1334219937977 80.3
62.598717 29.745086 1334219939981 80.9
62.598581 29.744991 1334219943982 80.6
62.598513 29.744938 1334219945982 80.7
62.598448 29.744882 1334219947983 80.6
62.59838 29.744824 1334219949983 80.2
62.598346 29.744793 1334219951984 79.3
62.598245 29.744688 1334219953979 78.2
62.598213 29.744651 1334219955982 78.8
62.598063 29.744501 1334219960011 77.2
62.59801 29.744442 1334219961981 77.0
62.597958 29.744385 1334219963982 77.2
62.597942 29.744366 1334219965981 77.8
62.597941 29.744361 1334219967980 78.5
62.597941 29.744361 1334219969979 78.6
62.59794 29.744356 1334219972018 78.7
62.597944 29.744345 1334219975995 78.6
62.597946 29.744342 1334219977977 78.4
62.597947 29.744339 1334219979977 78.3
62.597941 29.744336 1334219981977 78.9
62.597943 29.744325 1334219984012 78.9
62.597943 29.74431 1334219985985 78.0
62.597942 29.744303 1334219987997 77.6
62.597942 29.744292 1334219991982 77.0
62.597942 29.744287 1334219994035 76.8
62.597932 29.744269 1334220023941 76.6
62.597934 29.744266 1334220025585 77.7
62.597934 29.744265 1334220029629 77.9
62.597934 29.744265 1334220029630 78.0
62.597937 29.744264 1334220032603 78.1
62.597938 29.744264 1334220034859 78.4
62.597938 29.744264 1334220035491 78.4
62.597943 29.744267 1334220041514 79.4
62.597943 29.744267 1334220042434 79.5
62.597944 29.744267 1334220045034 79.6
62.597936 29.744267 1334220047091 79.9
62.597937 29.744266 1334220048901 80.2
62.597935 29.744265 1334220050806 80.5
62.597934 29.744265 1334220052499 80.7
62.597932 29.744264 1334220057596 81.0
62.597928 29.744263 1334220059875 81.2
62.597928 29.744263 1334220060487 81.3
62.597927 29.744263 1334220063114 81.3
62.597926 29.744262 1334220064436 81.3
62.597926 29.744262 1334220066825 80.7
62.597868 29.744201 1334220068241 79.3
62.597854 29.744185 1334220072199 79.0
62.597852 29.744184 1334220075119 79.1
62.597851 29.744184 1334220077638 79.3
62.597848 29.744184 1334220078559 79.3
62.597849 29.744184 1334220080191 79.2
62.597849 29.744184 1334220083115 79.0
62.597849 29.744184 1334220084337 79.0
62.597848 29.744184 1334220088511 79.0
62.597848 29.744184 1334220090187 79.0
62.597848 29.744184 1334220092457 78.9
62.597848 29.744184 1334220094177 78.9
62.597848 29.744184 1334220096185 78.9
62.597849 29.744184 1334220099723 78.8
62.597849 29.744184 1334220100877 78.8
62.597849 29.744183 1334220105247 78.7
62.597849 29.744183 1334220107384 78.7
62.597849 29.744183 1334220108207 78.7
62.597837 29.744172 1334220111461 78.7
62.597837 29.744172 1334220112255 79.0
62.597785 29.744103 1334220114626 80.0
62.597747 29.744038 1334220118556 81.0
62.597695 29.743978 1334220120505 81.1
62.597654 29.743935 1334220122845 82.0
62.597611 29.743886 1334220124444 82.7
62.597591 29.743838 1334220126661 83.7
62.597572 29.74381 1334220128252 84.2
62.597524 29.743738 1334220130585 85.0
62.597518 29.743417 1334220134151 84.8
62.597541 29.743235 1334220136150 86.7
62.597556 29.743134 1334220138161 86.7
62.5976 29.74284 1334220140157 86.8
62.597628 29.742648 1334220142164 86.5
62.597659 29.742455 1334220144160 86.2
62.597695 29.74226 1334220146150 85.8
62.597765 29.741857 1334220150151 85.2
62.597782 29.741753 1334220152187 85.3
62.597832 29.74144 1334220154161 84.7
62.59787 29.741241 1334220156180 84.6
62.597912 29.741026 1334220158639 84.3
62.597955 29.740803 1334220160456 84.0
62.597974 29.74069 1334220162147 83.8
62.598064 29.740182 1334220166991 82.7
62.598114 29.740027 1334220168398 82.7
62.598188 29.740024 1334220170148 84.3
62.598245 29.740083 1334220172201 83.4
62.598312 29.740156 1334220174977 83.5
62.598385 29.740231 1334220177290 84.0
62.59846 29.740292 1334220179336 84.2
62.598592 29.740397 1334220182397 84.7
62.598622 29.740426 1334220184301 84.6
62.598738 29.740541 1334220186346 84.5
62.598828 29.740635 1334220188151 84.3
62.598922 29.740727 1334220190180 84.3
62.599021 29.74081 1334220192150 84.9
62.599072 29.740841 1334220194151 85.4
62.599331 29.740875 1334220198321 87.1
62.599427 29.740911 1334220200160 86.1
62.599519 29.741004 1334220202157 85.7
62.599565 29.741049 1334220204150 85.5
62.599705 29.741144 1334220206149 86.6
62.59974 29.741019 1334220208146 85.1
62.599773 29.740834 1334220210150 84.2
62.599845 29.7404 1334220214920 83.1
62.59987 29.740196 1334220216379 82.4
62.599883 29.740102 1334220218447 82.7
62.599923 29.739838 1334220220543 83.0
62.599934 29.739751 1334220222876 83.1
62.59995 29.739484 1334220224205 83.0
62.599938 29.739318 1334220226151 82.9
62.599855 29.739166 1334220230184 82.4
62.59979 29.739103 1334220232151 82.3
62.599755 29.739142 1334220234152 83.5
62.599782 29.739191 1334220236156 83.2
62.599782 29.739191 1334220238199 83.2
62.599908 29.73928 1334220240178 82.9
62.599945 29.739306 1334220242152 82.6
62.600118 29.739446 1334220246255 82.2
62.60018 29.739506 1334220248348 82.1
62.60025 29.739578 1334220250439 81.8
62.60025 29.739578 1334220252245 81.4
62.600432 29.739772 1334220254158 81.3
62.600478 29.739816 1334220256145 81.2
62.600615 29.739935 1334220258246 80.7
62.600696 29.739969 1334220262151 81.6
62.600714 29.739914 1334220264180 80.4
62.600719 29.739898 1334220266276 80.2
62.60072 29.739898 1334220268165 79.9
62.600718 29.73991 1334220270160 80.0
62.600704 29.739977 1334220272176 80.4
62.600672 29.740032 1334220274159 79.5
62.600585 29.739814 1334220278319 81.5
62.600596 29.739736 1334220280161 81.6
62.600644 29.739516 1334220282163 82.0
62.60068 29.739372 1334220284161 82.0
62.600716 29.73922 1334220286212 81.5
62.600744 29.739067 1334220288164 82.1
62.600753 29.738985 1334220290158 82.3
62.600815 29.738682 1334220294148 82.6
62.600851 29.738509 1334220296148 82.5
62.600876 29.738421 1334220298151 82.4
62.600892 29.738384 1334220300360 82.9
62.600892 29.738383 1334220302196 82.9
62.60089 29.738379 1334220304150 82.6
62.60091 29.738369 1334220306205 82.1
62.600966 29.738385 1334220310632 81.9
62.600997 29.738382 1334220312166 82.6
62.601016 29.738383 1334220314224 82.4
62.601017 29.738381 1334220316146 81.9
62.601048 29.738414 1334220318273 81.4
62.601082 29.738462 1334220320333 80.4
62.601126 29.738514 1334220322733 79.7
62.601206 29.738656 1334220326182 78.6
62.601239 29.738743 1334220328599 79.0
62.601246 29.738821 1334220330165 79.6
62.601237 29.738856 1334220332154 79.7
62.601158 29.738998 1334220335195 79.7
62.601136 29.739045 1334220336803 79.9
62.601136 29.739045 1334220338206 79.3
62.601025 29.73941 1334220342316 80.7
62.600997 29.739558 1334220344245 81.3
62.60097 29.739688 1334220346158 81.9
62.600942 29.739823 1334220348153 82.0
62.600926 29.739892 1334220350154 82.4
62.600882 29.740104 1334220352152 82.0
62.600891 29.740245 1334220354626 81.4
62.60102 29.74039 1334220358151 80.5
62.601058 29.740425 1334220360243 80.4
62.601191 29.74057 1334220363731 81.8
62.601191 29.74057 1334220364717 81.8
62.601293 29.740673 1334220366288 83.1
62.60136 29.740745 1334220368204 83.3
62.601416 29.740802 1334220370152 82.7
62.601521 29.740936 1334220374153 82.9
62.601578 29.740976 1334220376247 83.3
62.601603 29.741002 1334220379019 82.7
62.601666 29.741069 1334220380151 81.9
62.601706 29.741118 1334220382152 80.8
62.601751 29.741187 1334220384232 80.6
62.601797 29.74127 1334220386177 80.0
62.601892 29.741436 1334220390212 80.2
62.601948 29.741538 1334220392190 80.6
62.602 29.741667 1334220394152 79.9
62.602048 29.741777 1334220396162 78.7
62.60207 29.741834 1334220398156 78.3
62.602118 29.742052 1334220400158 78.2
62.602156 29.742208 1334220402170 79.2
62.602174 29.742489 1334220406191 80.8
62.602167 29.742568 1334220408145 80.6
62.602136 29.742804 1334220410150 82.0
62.602119 29.742876 1334220412157 81.5
62.60204 29.743119 1334220414166 80.1
62.60197 29.74329 1334220416159 79.6
62.601882 29.743378 1334220418519 79.1
62.601753 29.743401 1334220422299 79.5
62.601632 29.743368 1334220424273 78.6
62.601473 29.74334 1334220430957 79.2
62.601473 29.74334 1334220430964 78.8
62.601436 29.743301 1334220432319 78.8
62.601436 29.743301 1334220432320 78.7
62.601395 29.743286 1334220435285 80.8
62.60127 29.743183 1334220438151 83.0
62.601236 29.743116 1334220440147 82.7
62.601148 29.743186 1334220442194 84.4
62.601111 29.74322 1334220444425 85.3
62.601076 29.743416 1334220446229 86.8
62.601126 29.743583 1334220448383 88.3
62.60122 29.743663 1334220450212 87.7
62.601469 29.743801 1334220454152 88.8
62.601588 29.743867 1334220456193 88.9
62.601645 29.743898 1334220458361 89.3
62.601806 29.74394 1334220460862 89.9
62.601948 29.743893 1334220463777 89.5
62.60199 29.743863 1334220464219 89.0
62.602061 29.743768 1334220467283 88.8
62.602185 29.743789 1334220471481 87.7
62.60227 29.743804 1334220473495 86.6
62.602297 29.743763 1334220474156 86.8
62.602338 29.743631 1334220476152 86.8
62.60237 29.743488 1334220478151 86.4
62.602387 29.743422 1334220480151 86.2
62.602428 29.743244 1334220482151 86.1
62.602484 29.743065 1334220486154 85.2
62.602514 29.742971 1334220488257 85.2
62.602527 29.742915 1334220490316 85.1
62.60256 29.742747 1334220492151 85.0
62.602573 29.742689 1334220494152 85.0
62.602612 29.742502 1334220496151 84.8
62.602644 29.742375 1334220498228 83.5
62.60272 29.742154 1334220502164 82.0
62.60274 29.742102 1334220504151 82.0
62.602808 29.74195 1334220506154 80.8
62.602866 29.741873 1334220508178 79.6
62.60294 29.741788 1334220510149 78.9
62.603006 29.741682 1334220512147 78.7
62.603043 29.741618 1334220514149 78.5
62.603192 29.741222 1334220518273 77.4
62.603231 29.741033 1334220520152 77.9
62.603273 29.740866 1334220522152 78.6
62.60329 29.740786 1334220524152 78.9
62.603316 29.740506 1334220526152 79.8
62.603318 29.740285 1334220528221 80.3
62.603317 29.740053 1334220530177 81.0
62.603296 29.739716 1334220534146 81.8
62.603274 29.739378 1334220536153 78.9
62.603282 29.739163 1334220538151 77.6
62.603293 29.738947 1334220540152 77.6
62.603301 29.738731 1334220542152 79.1
62.603303 29.738631 1334220544163 79.0
62.603325 29.738358 1334220546236 80.5
62.60337 29.738036 1334220550150 81.6
62.60337 29.737858 1334220552153 78.8
62.603379 29.737675 1334220554468 79.3
62.60339 29.737474 1334220556423 80.3
62.603404 29.737286 1334220558361 79.4
62.603431 29.737125 1334220560182 80.4
62.603446 29.737051 1334220562449 81.8
62.60346 29.737114 1334220567586 82.9
62.603455 29.737163 1334220568153 83.3
62.603438 29.737239 1334220571960 83.6
62.603428 29.737348 1334220572324 82.1
62.603421 29.73753 1334220575692 82.1
62.603421 29.73753 1334220576424 82.1
62.603435 29.737707 1334220578152 82.4
62.603505 29.7378 1334220582151 83.0
62.603508 29.7378 1334220584166 82.8
62.60352 29.737799 1334220586175 82.6
62.603543 29.737847 1334220588225 82.0
62.603564 29.737877 1334220591078 82.2
62.603641 29.738016 1334220592229 82.7
62.603673 29.738058 1334220594151 82.0
62.603826 29.738345 1334220598151 77.8
62.603876 29.738493 1334220600960 77.9
62.603932 29.738644 1334220602198 79.2
62.603972 29.738801 1334220604298 79.4
62.604007 29.738955 1334220606648 79.7
62.604058 29.739171 1334220609741 81.6
62.604075 29.739254 1334220610288 81.8
62.60415 29.73958 1334220614177 85.4
62.604164 29.739666 1334220616154 85.8
62.604214 29.739921 1334220618164 86.4
62.604257 29.74005 1334220620170 87.8
62.604283 29.740206 1334220622315 87.5
62.604308 29.740354 1334220624216 88.1
62.604321 29.740428 1334220626154 88.1
62.604408 29.74086 1334220630321 90.5
62.604446 29.741044 1334220632151 90.1
62.604469 29.741209 1334220634150 89.8
62.604477 29.741282 1334220636152 89.4
62.60448 29.741476 1334220638157 92.5
62.604443 29.741548 1334220640148 92.7
62.604393 29.741619 1334220642154 92.8
62.604274 29.741827 1334220646150 92.8
62.604214 29.741922 1334220648146 92.0
62.604186 29.74197 1334220650147 91.8
62.604105 29.742113 1334220652263 91.0
62.603996 29.742321 1334220656425 90.3
62.603996 29.742321 1334220656435 90.2
62.603942 29.74243 1334220658870 89.5
62.603677 29.74311 1334220669413 86.3
62.603668 29.743192 1334220670365 86.1
62.603668 29.743192 1334220670378 87.3
62.603697 29.743369 1334220672721 86.1
62.603712 29.743471 1334220673540 86.5
62.603712 29.743471 1334220673552 86.5
62.603709 29.743568 1334220674475 86.6
62.603616 29.743863 1334220678570 85.7
62.603598 29.74394 1334220680294 85.6
62.603532 29.744166 1334220682256 85.0
62.60349 29.744317 1334220684336 84.3
62.603454 29.744468 1334220686274 84.2
62.603433 29.744543 1334220688153 84.2
62.60338 29.744748 1334220690469 84.2
62.603346 29.744868 1334220692185 83.5
62.603344 29.745115 1334220696185 82.1
62.603376 29.74517 1334220698351 82.8
62.603502 29.745308 1334220700277 82.6
62.603544 29.745356 1334220702207 82.5
62.603703 29.74551 1334220706625 82.5
62.603703 29.74551 1334220706629 82.5
62.603809 29.745601 1334220708262 83.2
62.603949 29.745742 1334220712158 82.2
62.604027 29.745828 1334220714181 81.3
62.604114 29.745911 1334220716203 80.9
62.60416 29.74595 1334220718159 79.9
62.604244 29.74598 1334220720545 79.6
62.60438 29.745899 1334220722405 78.8
62.604282 29.744978 1334220734447 83.4
62.604282 29.744978 1334220734456 83.4
62.604282 29.744978 1334220734463 83.4
62.604255 29.744846 1334220736285 83.4
62.604255 29.744846 1334220736287 82.2
62.604255 29.744846 1334220737546 82.2
62.604155 29.744709 1334220740451 82.9
62.604092 29.74474 1334220742643 83.0
62.604038 29.744808 1334220744149 81.7
62.603998 29.744924 1334220746692 80.0
62.603944 29.745018 1334220748841 80.8
62.603858 29.745134 1334220751502 82.2
62.603834 29.745179 1334220752711 82.4
62.603794 29.745299 1334220754704 84.9
62.603597 29.745407 1334220763522 83.8
62.603581 29.745394 1334220764950 83.6
62.603581 29.745394 1334220764957 83.6
62.60355 29.745357 1334220766755 83.9
62.603507 29.74531 1334220769862 85.8
62.603485 29.745291 1334220770551 85.8
62.603407 29.745229 1334220775620 86.0
62.60337 29.745166 1334220776716 86.2
62.603316 29.745054 1334220778173 86.6
62.603284 29.745004 1334220780163 86.9
62.603167 29.745009 1334220782438 88.6
62.602908 29.74489 1334220790486 86.2
62.602908 29.74489 1334220790516 88.2
62.602875 29.744872 1334220791698 86.0
62.602875 29.744872 1334220794518 86.0
62.602794 29.745024 1334220794526 86.3
62.602668 29.745233 1334220799987 83.9
62.602668 29.745233 1334220800381 83.9
62.602668 29.745233 1334220802415 83.9
62.602594 29.745512 1334220812369 81.4
62.602594 29.745512 1334220812376 81.4
62.602594 29.745512 1334220812397 81.4
62.602592 29.745507 1334220814416 81.4
62.602592 29.745507 1334220816660 81.2
62.602587 29.745509 1334220818363 80.7
62.60259 29.74551 1334220825621 80.9
62.602605 29.74549 1334220827395 80.9
62.602605 29.74549 1334220827409 80.7
62.602598 29.745476 1334220830308 80.9
62.602598 29.745476 1334220830334 80.9
62.60256 29.745452 1334220832461 79.2
62.602533 29.745398 1334220835454 80.5
62.602556 29.745239 1334220838238 80.1
62.602582 29.745128 1334220840431 79.1
62.602587 29.74501 1334220842474 79.1
62.602528 29.744913 1334220844201 78.1
62.602492 29.744778 1334220846220 79.3
62.602474 29.744637 1334220848270 80.6
62.602459 29.74458 1334220850152 80.4
62.602354 29.744472 1334220854154 81.2
62.602273 29.744415 1334220856213 81.3
62.602226 29.744315 1334220858209 82.3
62.602231 29.744202 1334220860204 82.7
62.602241 29.744101 1334220862304 82.9
62.602241 29.744056 1334220864153 82.9
62.602252 29.74396 1334220866214 82.0
62.602251 29.743939 1334220870146 82.0
62.602243 29.743898 1334220872146 81.9
62.602243 29.743892 1334220874151 81.8
62.602242 29.74389 1334220876220 80.9
62.602241 29.74389 1334220878209 80.5
62.602247 29.743883 1334220880216 80.0
62.602238 29.743843 1334220882232 79.3
62.602184 29.743754 1334220886257 80.3
62.60216 29.743715 1334220888492 80.1
62.602129 29.743656 1334220892166 80.3
62.602105 29.743616 1334220896394 80.2
62.602105 29.743616 1334220897582 80.3
62.602105 29.743616 1334220897592 80.2
62.602102 29.743612 1334220898154 80.1
62.602103 29.743614 1334220921206 81.5
62.602103 29.743614 1334220921219 81.5
62.602103 29.743615 1334220923998 81.6
62.602103 29.743606 1334220928187 82.2
62.602072 29.743631 1334220929347 82.2
62.602072 29.743631 1334220929632 81.7
62.602057 29.743753 1334220931424 81.6