62.598356 29.743495 1334319186901 120.6
62.598365 29.743499 1334319188762 120.4
62.598368 29.743497 1334319190882 120.4
62.598365 29.743508 1334319192877 120.7
62.598364 29.743514 1334319195084 120.7
62.598364 29.743515 1334319196763 120.3
62.598364 29.743518 1334319198756 120.1
62.598372 29.743508 1334319202761 119.7
62.59837 29.743513 1334319204760 120.0
62.59837 29.743516 1334319206798 120.2
62.59837 29.743519 1334319208759 120.0
62.598364 29.743522 1334319210760 118.7
62.598364 29.743522 1334319212759 118.6
62.598368 29.743511 1334319214759 118.2
62.598365 29.743433 1334319218759 118.7
62.598392 29.743266 1334319220759 116.9
62.598413 29.743197 1334319222759 116.1
62.598477 29.742936 1334319224757 114.9
62.598513 29.742865 1334319226760 115.8
62.598538 29.742842 1334319228766 115.8
62.59861 29.74285 1334319230766 113.8
62.598629 29.742856 1334319234756 114.2
62.598602 29.742818 1334319236762 115.5
62.598561 29.742766 1334319238793 111.7
62.598542 29.742746 1334319240758 111.5
62.598516 29.742719 1334319242759 110.9
62.598442 29.742672 1334319244759 106.2
62.598396 29.742608 1334319246761 102.2
62.598264 29.742503 1334319250759 98.4
62.598233 29.742484 1334319252758 97.6
62.598144 29.742468 1334319254761 94.9
62.598105 29.742552 1334319256760 95.2
62.598034 29.74264 1334319258759 95.0
62.597995 29.742756 1334319260758 95.5
62.59798 29.742813 1334319262760 94.5
62.5979 29.743133 1334319266760 91.5
62.597861 29.743272 1334319268759 90.9
62.597814 29.743395 1334319270758 90.7
62.597792 29.743473 1334319272756 90.5
62.597737 29.743666 1334319274760 90.0
62.597705 29.743807 1334319276762 91.2
62.597671 29.743927 1334319278760 92.3
62.597629 29.744077 1334319282761 92.9
62.597602 29.744114 1334319284758 90.6
62.597612 29.744134 1334319286821 91.6
62.597645 29.744124 1334319288759 91.1
62.597659 29.74414 1334319290757 92.9
62.597667 29.744155 1334319292758 94.0
62.59771 29.74421 1334319294761 94.0
62.597844 29.744653 1334319422519 103.8
62.59787 29.744606 1334319426260 106.5
62.59787 29.744606 1334319426473 106.5
62.597877 29.744606 1334319428487 107.4
62.59788 29.744601 1334319430479 107.8
62.597886 29.744604 1334319432460 107.1
62.597899 29.744603 1334319434457 106.5
62.598021 29.744709 1334319438454 102.4
62.598094 29.744764 1334319440457 101.4
62.598169 29.744805 1334319442457 100.6
62.598208 29.744838 1334319444457 100.1
62.598312 29.744935 1334319446456 98.3
62.59838 29.744972 1334319448458 97.8
62.598452 29.745024 1334319450463 97.9
62.59855 29.745075 1334319454465 97.5
62.598616 29.744989 1334319456458 96.7
62.598644 29.744842 1334319458456 95.2
62.598673 29.74466 1334319460458 93.5
62.598704 29.744477 1334319462465 92.4
62.598717 29.744396 1334319464458 92.0
62.598756 29.744147 1334319466464 91.0
62.598812 29.743818 1334319470455 89.9
62.598841 29.743663 1334319472454 89.5
62.598855 29.743587 1334319474457 89.5
62.598892 29.74335 1334319476458 88.2
62.598907 29.743202 1334319478455 86.5
62.59894 29.74307 1334319480455 86.8
62.598968 29.742939 1334319482452 86.7
62.599016 29.74266 1334319486456 85.5
62.599038 29.742551 1334319488467 85.1
62.599044 29.742464 1334319490457 83.1
62.599043 29.742375 1334319492453 81.0
62.599043 29.742334 1334319494456 80.3
62.599053 29.742258 1334319496457 79.4
62.599054 29.742224 1334319498464 79.2
62.599059 29.742089 1334319502456 77.4
62.599061 29.742058 1334319504452 77.0
62.599053 29.741965 1334319506603 74.2
62.59906 29.741892 1334319508511 73.6
62.599066 29.741825 1334319510455 72.5
62.599065 29.74176 1334319512452 71.5
62.599065 29.74176 1334319514460 71.5
62.599102 29.741628 1334319518494 71.7
62.599139 29.741605 1334319520521 72.5
62.599146 29.741599 1334319522454 73.9
62.599149 29.741595 1334319524540 74.7
62.59915 29.741593 1334319526458 75.0
62.59915 29.741592 1334319528507 75.0
62.599151 29.74159 1334319530456 75.0
62.599152 29.741588 1334319534458 75.3
62.599153 29.741587 1334319536456 75.4
62.599154 29.741586 1334319538459 75.5
62.599155 29.741585 1334319540542 75.7
62.599155 29.741585 1334319542678 75.7
62.599156 29.741584 1334319544674 75.9
62.599158 29.741583 1334319546460 76.1
62.599216 29.741475 1334319586531 87.0
62.599216 29.741479 1334319588197 86.3
62.599222 29.741484 1334319590868 85.8
62.599223 29.741487 1334319592196 85.9
62.599225 29.741494 1334319594209 86.1
62.599224 29.741493 1334319596218 85.9
62.599224 29.741493 1334319598201 85.8
62.599227 29.741491 1334319602201 85.5
62.599227 29.741491 1334319604201 85.4
62.599224 29.741476 1334319606200 84.5
62.599222 29.741441 1334319608200 83.6
62.599214 29.741408 1334319610201 82.8
62.599209 29.741378 1334319612199 82.3
62.599218 29.741253 1334319614199 81.9
62.599301 29.740939 1334319618911 84.6
62.599313 29.740877 1334319620202 85.0
62.599328 29.740814 1334319622201 85.1
62.599375 29.740603 1334319624203 85.3
62.599404 29.74045 1334319626201 85.8
62.59943 29.740297 1334319628202 86.0
62.599456 29.740138 1334319630198 86.0
62.599517 29.739812 1334319634200 85.9
62.599551 29.739649 1334319636204 86.0
62.599582 29.739481 1334319638200 86.1
62.599611 29.739313 1334319640269 85.8
62.599623 29.739232 1334319642199 85.6
62.599686 29.739032 1334319644196 84.7
62.599742 29.739023 1334319646197 84.2
62.599858 29.739154 1334319650196 84.4
62.599888 29.739182 1334319652199 84.4
62.599979 29.739262 1334319654197 84.3
62.600032 29.73934 1334319656201 84.1
62.600061 29.739438 1334319658207 84.0
62.600099 29.739425 1334319660199 85.6
62.600099 29.739381 1334319662315 86.0
62.599961 29.739228 1334319666197 85.6
62.599892 29.739182 1334319668199 85.4
62.59982 29.739117 1334319670197 86.0
62.599784 29.739081 1334319672199 86.5
62.599674 29.739084 1334319674200 88.4
62.59963 29.739154 1334319676196 88.7
62.599603 29.739291 1334319678199 88.6
62.599552 29.739557 1334319682206 88.5
62.599501 29.739838 1334319684199 88.7
62.599463 29.74 1334319686197 88.5
62.599425 29.740181 1334319688198 88.3
62.599392 29.740355 1334319690204 87.9
62.599377 29.740439 1334319692200 87.6
62.599313 29.740698 1334319694207 88.1
62.599237 29.741058 1334319698196 86.9
62.599203 29.741224 1334319700196 86.3
62.599188 29.741306 1334319702199 87.0
62.599143 29.741514 1334319704196 86.3
62.599112 29.741654 1334319706199 85.9
62.599079 29.741787 1334319708206 86.3
62.599049 29.74191 1334319710199 85.9
62.598976 29.74218 1334319714240 86.6
62.598932 29.742347 1334319716197 87.7
62.598897 29.742509 1334319718199 87.7
62.598864 29.742666 1334319720200 87.7
62.598852 29.742742 1334319722197 88.3
62.598822 29.742932 1334319724206 89.6
62.598826 29.74299 1334319726205 90.2
62.598855 29.742994 1334319730200 91.5
62.598879 29.742954 1334319732196 91.4
62.598952 29.742797 1334319734199 91.6
62.598833 29.742959 1334319736199 92.2
62.598784 29.743084 1334319738197 91.1
62.598752 29.743229 1334319740199 92.6
62.598735 29.743297 1334319742199 92.7
62.598693 29.74337 1334319746196 90.4
62.598681 29.743358 1334319748196 89.9
62.598672 29.743357 1334319750199 89.6
62.598669 29.743362 1334319752196 89.5
62.598619 29.743323 1334319754198 90.0
62.598616 29.743296 1334319756196 89.6
62.598614 29.743293 1334319758200 89.4
62.5986 29.743213 1334319762196 91.0
62.598576 29.743192 1334319764199 91.3
62.598568 29.743187 1334319766196 91.2
62.598566 29.743184 1334319768195 91.1
62.598564 29.743185 1334319770199 91.1
62.598563 29.743186 1334319772199 91.1
62.598552 29.743147 1334319774199 92.3
62.598493 29.743212 1334319778196 93.9
62.598497 29.74323 1334319780196 94.1
62.598496 29.743249 1334319782199 94.1
62.598503 29.743234 1334319784196 99.4
62.598497 29.743264 1334319786206 101.1
62.59849 29.743283 1334319788205 105.9
62.598482 29.743259 1334319790198 110.5
62.598478 29.743242 1334319794196 124.4
62.598465 29.743272 1334319796196 124.1
62.598459 29.743228 1334319798199 123.2
62.598424 29.743166 1334319800204 123.3
62.598412 29.743143 1334319802197 123.8
62.598356 29.74315 1334319804204 125.9
62.598385 29.743014 1334319806200 126.0
62.598366 29.742801 1334319810201 127.6
62.598346 29.742746 1334319812197 128.1
62.598346 29.742746 1334319814197 128.1
62.598346 29.742746 1334319816196 128.1
62.598346 29.742746 1334319818200 128.1
62.598346 29.742746 1334319820195 128.1
62.598346 29.742746 1334319822196 128.1
62.598346 29.742746 1334319826199 128.1
62.598346 29.742746 1334319828197 128.1
62.598346 29.742746 1334319830200 128.1
62.598346 29.742746 1334319832198 128.1
62.598346 29.742746 1334319834205 128.1
62.598346 29.742746 1334319836199 128.1
62.598346 29.742746 1334319838204 128.1
62.598437 29.743492 1334319842199 129.0
62.598476 29.743465 1334319844197 129.2
62.598493 29.743456 1334319846198 129.3
62.598511 29.743441 1334319848196 129.4
62.598521 29.743434 1334319850198 129.4
62.598521 29.743434 1334319852196 129.4
62.598521 29.743434 1334319854196 129.4
62.598521 29.743434 1334319858196 129.4
62.598521 29.743434 1334319860195 129.4
62.598521 29.743434 1334319862196 129.4
62.598521 29.743434 1334319864321 129.4
62.598521 29.743434 1334319866295 129.4
62.598521 29.743434 1334319868207 129.4
62.598521 29.743434 1334319870329 129.4
62.598521 29.743434 1334319874379 129.4
62.598521 29.743434 1334319876225 129.4
62.598521 29.743434 1334319878196 129.4
62.598521 29.743434 1334319880524 129.4
62.598521 29.743434 1334319882196 129.4
62.598521 29.743434 1334319884196 129.4
62.598521 29.743434 1334319886274 129.4
62.598521 29.743434 1334319890213 129.4
62.598521 29.743434 1334319892197 129.4
62.598521 29.743434 1334319894888 129.4
62.598521 29.743434 1334319896201 129.4
62.598521 29.743434 1334319898288 129.4
62.598521 29.743434 1334319900199 129.4
62.598521 29.743434 1334319902208 129.4
62.598521 29.743434 1334319906195 129.4
62.598521 29.743434 1334319908196 129.4
62.598521 29.743434 1334319910196 129.4
62.598521 29.743434 1334319912201 129.4
62.598521 29.743434 1334319914196 129.4
62.598521 29.743434 1334319916199 129.4
62.598521 29.743434 1334319918196 129.4
62.598521 29.743434 1334319922197 129.4
62.598521 29.743434 1334319924201 129.4
62.598521 29.743434 1334319926196 129.4
62.598521 29.743434 1334319928195 129.4
62.598521 29.743434 1334319930196 129.4
62.598521 29.743434 1334319932207 129.4
62.598521 29.743434 1334319934197 129.4
62.598521 29.743434 1334319938197 129.4
62.598521 29.743434 1334319940196 129.4
62.598521 29.743434 1334319942198 129.4
62.598521 29.743434 1334319944201 129.4
62.598521 29.743434 1334319946195 129.4
62.598521 29.743434 1334319948208 129.4
62.598521 29.743434 1334319950440 129.4
62.598521 29.743434 1334319954199 129.4
62.598521 29.743434 1334319956196 129.4
62.598521 29.743434 1334319958200 129.4
62.598521 29.743434 1334319960197 129.4
62.598521 29.743434 1334319962199 129.4
62.598521 29.743434 1334319964216 129.4
62.598521 29.743434 1334319966207 129.4
62.598521 29.743434 1334319970204 129.4
62.598521 29.743434 1334319972195 129.4
62.598521 29.743434 1334319974197 129.4
62.598521 29.743434 1334319976203 129.4
62.598521 29.743434 1334319978196 129.4
62.598521 29.743434 1334319980199 129.4
62.598521 29.743434 1334319982196 129.4
62.598521 29.743434 1334319986196 129.4
62.598521 29.743434 1334319988200 129.4
62.598521 29.743434 1334319990196 129.4
62.598521 29.743434 1334319992196 129.4
62.598521 29.743434 1334319994196 129.4
62.598521 29.743434 1334319996199 129.4
62.598521 29.743434 1334319998196 129.4
62.598521 29.743434 1334320002197 129.4
62.598521 29.743434 1334320004196 129.4
62.598521 29.743434 1334320006199 129.4
62.598521 29.743434 1334320008196 129.4
62.598521 29.743434 1334320010199 129.4
62.598521 29.743434 1334320012213 129.4
62.598521 29.743434 1334320014198 129.4
62.598521 29.743434 1334320018196 129.4
62.598521 29.743434 1334320020196 129.4
62.598521 29.743434 1334320022199 129.4
62.598521 29.743434 1334320024196 129.4
62.598521 29.743434 1334320026206 129.4
62.598521 29.743434 1334320028197 129.4
62.598521 29.743434 1334320030196 129.4
62.598521 29.743434 1334320034199 129.4
62.598521 29.743434 1334320036197 129.4
62.598521 29.743434 1334320038201 129.4
62.598521 29.743434 1334320040198 129.4
62.598521 29.743434 1334320042215 129.4
62.598521 29.743434 1334320044197 129.4
62.598521 29.743434 1334320046206 129.4
62.598521 29.743434 1334320050196 129.4
62.598521 29.743434 1334320052196 129.4
62.598521 29.743434 1334320054201 129.4
62.598521 29.743434 1334320056197 129.4
62.598521 29.743434 1334320058199 129.4
62.598521 29.743434 1334320060197 129.4
62.598521 29.743434 1334320062200 129.4
62.598521 29.743434 1334320066196 129.4
62.598521 29.743434 1334320068198 129.4
62.598521 29.743434 1334320070195 129.4
62.598521 29.743434 1334320072200 129.4
62.598521 29.743434 1334320074196 129.4
62.598521 29.743434 1334320076199 129.4
62.598521 29.743434 1334320078197 129.4
62.598521 29.743434 1334320082196 129.4
62.598521 29.743434 1334320084200 129.4
62.598521 29.743434 1334320086197 129.4
62.598521 29.743434 1334320088195 129.4
62.598521 29.743434 1334320090201 129.4
62.598521 29.743434 1334320092196 129.4
62.598521 29.743434 1334320094196 129.4
62.598521 29.743434 1334320098201 129.4
62.598521 29.743434 1334320100195 129.4
62.598521 29.743434 1334320102200 129.4
62.598521 29.743434 1334320104196 129.4
62.598521 29.743434 1334320106196 129.4
62.598521 29.743434 1334320108197 129.4
62.598521 29.743434 1334320110196 129.4
62.598521 29.743434 1334320114196 129.4
62.598521 29.743434 1334320116196 129.4
62.598521 29.743434 1334320118205 129.4
62.598521 29.743434 1334320120197 129.4
62.598521 29.743434 1334320122199 129.4
62.598521 29.743434 1334320124196 129.4
62.598521 29.743434 1334320126223 129.4
62.598521 29.743434 1334320130197 129.4
62.598521 29.743434 1334320132216 129.4
62.598521 29.743434 1334320134199 129.4
62.598521 29.743434 1334320136197 129.4
62.598521 29.743434 1334320138200 129.4
62.598521 29.743434 1334320140195 129.4
62.598521 29.743434 1334320142207 129.4
62.598521 29.743434 1334320146199 129.4
62.598521 29.743434 1334320148196 129.4
62.598521 29.743434 1334320150196 129.4
62.598521 29.743434 1334320152200 129.4
62.598521 29.743434 1334320154195 129.4
62.598521 29.743434 1334320156200 129.4
62.598521 29.743434 1334320158196 129.4
62.598521 29.743434 1334320162196 129.4
62.598521 29.743434 1334320164199 129.4
62.598521 29.743434 1334320166196 129.4
62.598521 29.743434 1334320168199 129.4
62.598521 29.743434 1334320170223 129.4
62.598521 29.743434 1334320172199 129.4
62.598521 29.743434 1334320174200 129.4
62.598521 29.743434 1334320178200 129.4
62.598521 29.743434 1334320180200 129.4
62.598521 29.743434 1334320182199 129.4
62.598521 29.743434 1334320184196 129.4
62.598521 29.743434 1334320186202 129.4
62.598521 29.743434 1334320188198 129.4
62.598521 29.743434 1334320190205 129.4
62.598521 29.743434 1334320194199 129.4
62.598521 29.743434 1334320196196 129.4
62.598521 29.743434 1334320198199 129.4
62.598521 29.743434 1334320200197 129.4
62.598521 29.743434 1334320202207 129.4
62.598521 29.743434 1334320204216 129.4
62.598521 29.743434 1334320206206 129.4
62.598521 29.743434 1334320210200 129.4
62.598521 29.743434 1334320212196 129.4
62.598521 29.743434 1334320214199 129.4
62.598521 29.743434 1334320216196 129.4
62.598521 29.743434 1334320218199 129.4
62.598521 29.743434 1334320220197 129.4
62.598521 29.743434 1334320222223 129.4
62.598521 29.743434 1334320226197 129.4
62.598521 29.743434 1334320228196 129.4
62.598521 29.743434 1334320230199 129.4
62.598521 29.743434 1334320232197 129.4
62.598521 29.743434 1334320234216 129.4
62.598521 29.743434 1334320236199 129.4
62.598521 29.743434 1334320238199 129.4
62.598521 29.743434 1334320242197 129.4
62.598521 29.743434 1334320244196 129.4
62.598521 29.743434 1334320246196 129.4
62.598521 29.743434 1334320248198 129.4
62.598521 29.743434 1334320250196 129.4
62.598521 29.743434 1334320252199 129.4
62.598521 29.743434 1334320254197 129.4
62.598521 29.743434 1334320258199 129.4
62.598521 29.743434 1334320260195 129.4
62.598521 29.743434 1334320262196 129.4
62.598521 29.743434 1334320264196 129.4
62.598521 29.743434 1334320266199 129.4
62.598521 29.743434 1334320268196 129.4
62.598521 29.743434 1334320270196 129.4
62.598521 29.743434 1334320274196 129.4
62.598521 29.743434 1334320276197 129.4
62.598521 29.743434 1334320278199 129.4
62.598521 29.743434 1334320280196 129.4
62.598521 29.743434 1334320282223 129.4
62.598521 29.743434 1334320284198 129.4
62.598521 29.743434 1334320286199 129.4
62.598521 29.743434 1334320290196 129.4
62.598521 29.743434 1334320292196 129.4
62.598521 29.743434 1334320294200 129.4
62.598521 29.743434 1334320296196 129.4
62.598521 29.743434 1334320298198 129.4
62.598521 29.743434 1334320300200 129.4
62.598521 29.743434 1334320302200 129.4
62.598521 29.743434 1334320306200 129.4
62.598521 29.743434 1334320308196 129.4
62.598521 29.743434 1334320310195 129.4
62.598521 29.743434 1334320312216 129.4
62.598521 29.743434 1334320314206 129.4
62.598521 29.743434 1334320316198 129.4
62.598521 29.743434 1334320318199 129.4
62.598521 29.743434 1334320322201 129.4
62.598521 29.743434 1334320324197 129.4
62.598521 29.743434 1334320326199 129.4
62.598521 29.743434 1334320328196 129.4
62.598521 29.743434 1334320330215 129.4
62.598521 29.743434 1334320332207 129.4
62.598521 29.743434 1334320334198 129.4
62.598521 29.743434 1334320338196 129.4
62.598521 29.743434 1334320340199 129.4
62.598521 29.743434 1334320342196 129.4
62.598521 29.743434 1334320344207 129.4
62.598521 29.743434 1334320346198 129.4
62.598521 29.743434 1334320348223 129.4
62.598521 29.743434 1334320350198 129.4
62.598521 29.743434 1334320354199 129.4
62.598521 29.743434 1334320356196 129.4
62.598521 29.743434 1334320358196 129.4
62.598521 29.743434 1334320360196 129.4
62.598521 29.743434 1334320362199 129.4
62.598521 29.743434 1334320364196 129.4
62.598521 29.743434 1334320366215 129.4
62.598521 29.743434 1334320370196 129.4
62.598521 29.743434 1334320372196 129.4
62.598521 29.743434 1334320374199 129.4
62.598521 29.743434 1334320376196 129.4
62.598521 29.743434 1334320378223 129.4
62.598521 29.743434 1334320380198 129.4
62.598521 29.743434 1334320382198 129.4
62.598521 29.743434 1334320386196 129.4
62.598521 29.743434 1334320388196 129.4
62.598521 29.743434 1334320390201 129.4
62.598521 29.743434 1334320392196 129.4
62.598521 29.743434 1334320394200 129.4
62.598521 29.743434 1334320396212 129.4
62.598521 29.743434 1334320398206 129.4
62.598521 29.743434 1334320402199 129.4
62.598521 29.743434 1334320404196 129.4
62.598521 29.743434 1334320406196 129.4
62.598521 29.743434 1334320408199 129.4
62.598521 29.743434 1334320410206 129.4
62.598521 29.743434 1334320412198 129.4
62.598521 29.743434 1334320414216 129.4
62.598521 29.743434 1334320418199 129.4
62.598521 29.743434 1334320420196 129.4
62.598521 29.743434 1334320422196 129.4
62.598521 29.743434 1334320424200 129.4
62.598521 29.743434 1334320426215 129.4
62.598521 29.743434 1334320428206 129.4
62.598521 29.743434 1334320430197 129.4
62.598521 29.743434 1334320434199 129.4
62.598521 29.743434 1334320436232 129.4
62.598521 29.743434 1334320438196 129.4
62.598521 29.743434 1334320440196 129.4
62.598521 29.743434 1334320442198 129.4
62.598521 29.743434 1334320444215 129.4
62.598521 29.743434 1334320446198 129.4
62.598521 29.743434 1334320450200 129.4
62.598521 29.743434 1334320452196 129.4
62.598521 29.743434 1334320454199 129.4
62.598521 29.743434 1334320456199 129.4
62.598521 29.743434 1334320458207 129.4
62.598521 29.743434 1334320460197 129.4
62.598521 29.743434 1334320462223 129.4
62.598521 29.743434 1334320466199 129.4
62.598521 29.743434 1334320468196 129.4
62.598521 29.743434 1334320470200 129.4
62.598521 29.743434 1334320472196 129.4
62.598521 29.743434 1334320474232 129.4
62.598521 29.743434 1334320476199 129.4
62.598521 29.743434 1334320478206 129.4
62.598521 29.743434 1334320482196 129.4
62.598521 29.743434 1334320484199 129.4
62.598521 29.743434 1334320486196 129.4
62.598521 29.743434 1334320488207 129.4
62.598521 29.743434 1334320490198 129.4
62.598521 29.743434 1334320492223 129.4
62.598521 29.743434 1334320494198 129.4
62.598521 29.743434 1334320498196 129.4
62.598521 29.743434 1334320500195 129.4
62.598521 29.743434 1334320502199 129.4
62.598521 29.743434 1334320504196 129.4
62.598521 29.743434 1334320506200 129.4
62.598521 29.743434 1334320508197 129.4
62.598521 29.743434 1334320510196 129.4
62.598521 29.743434 1334320514199 129.4
62.598521 29.743434 1334320516196 129.4
62.598521 29.743434 1334320518201 129.4
62.598521 29.743434 1334320520199 129.4
62.598521 29.743434 1334320522214 129.4
62.598521 29.743434 1334320524198 129.4
62.598521 29.743434 1334320526205 129.4
62.598521 29.743434 1334320530196 129.4
62.598521 29.743434 1334320532196 129.4
62.598521 29.743434 1334320534199 129.4
62.598521 29.743434 1334320536195 129.4
62.598521 29.743434 1334320538196 129.4
62.598521 29.743434 1334320540196 129.4
62.598521 29.743434 1334320542200 129.4
62.598521 29.743434 1334320546196 129.4
62.598521 29.743434 1334320548196 129.4
62.598521 29.743434 1334320550199 129.4
62.598521 29.743434 1334320552199 129.4
62.598521 29.743434 1334320554207 129.4
62.598521 29.743434 1334320556197 129.4
62.598521 29.743434 1334320558199 129.4
62.598521 29.743434 1334320562200 129.4
62.598521 29.743434 1334320564197 129.4
62.598521 29.743434 1334320566199 129.4
62.598521 29.743434 1334320568196 129.4
62.598521 29.743434 1334320570563 129.4
62.598521 29.743434 1334320572328 129.4
62.598521 29.743434 1334320574200 129.4
62.598521 29.743434 1334320578211 129.4
62.598521 29.743434 1334320580289 129.4
62.598521 29.743434 1334320582373 129.4
62.598521 29.743434 1334320584201 129.4
62.598521 29.743434 1334320586248 129.4
62.598521 29.743434 1334320588199 129.4
62.598521 29.743434 1334320590208 129.4