62.59845 29.741145 1334664801311 62.3
62.598346 29.743665 1334664803211 68.2
62.598335 29.743837 1334664805211 70.1
62.598222 29.744003 1334664807225 76.2
62.598296 29.743869 1334664809210 80.5
62.59846 29.743468 1334664811224 86.2
62.598504 29.743336 1334664813213 94.1
62.598544 29.743137 1334664817212 96.6
62.598586 29.743157 1334664819260 96.4
62.598643 29.74319 1334664822038 93.3
62.598647 29.743244 1334664823211 88.4
62.598676 29.74331 1334664825216 82.5
62.598697 29.743324 1334664827211 78.3
62.598701 29.743338 1334664829242 74.8
62.598717 29.74337 1334664833252 77.2
62.598653 29.743384 1334664835208 82.0
62.598598 29.743406 1334664837211 87.6
62.598547 29.743374 1334664839211 98.5
62.598523 29.743376 1334664841211 103.0
62.598523 29.743368 1334664843213 103.8
62.598528 29.743326 1334664845212 104.8
62.598535 29.743288 1334664849212 105.3
62.598494 29.743244 1334664851210 107.5
62.598493 29.74324 1334664853210 107.6
62.598467 29.743008 1334664855208 108.3
62.598561 29.742942 1334664857207 109.0
62.598572 29.742943 1334664859246 109.1
62.598579 29.742976 1334664861246 109.2
62.598581 29.743 1334664865226 109.3
62.598696 29.743068 1334664867207 109.5
62.598682 29.743274 1334664869207 109.6
62.598677 29.743296 1334664871207 109.7
62.59865 29.743369 1334664873210 109.7
62.598599 29.74342 1334664875209 109.9
62.598578 29.743465 1334664877210 109.9
62.598568 29.743487 1334664881211 109.9
62.598568 29.743487 1334664883208 109.9
62.598568 29.743487 1334664885206 109.9
62.598568 29.743487 1334664887210 109.9
62.598568 29.743487 1334664889222 109.9
62.598568 29.743487 1334664891220 109.9
62.598568 29.743487 1334664893223 109.9
62.598568 29.743487 1334664897209 109.9
62.598568 29.743487 1334664899207 109.9
62.598568 29.743487 1334664901210 109.9
62.598568 29.743487 1334664903227 109.9
62.598568 29.743487 1334664905216 109.9
62.598568 29.743487 1334664907252 109.9
62.598568 29.743487 1334664909208 109.9
62.598568 29.743487 1334664913210 109.9
62.598568 29.743487 1334664915207 109.9
62.598568 29.743487 1334664917209 109.9
62.598568 29.743487 1334664919207 109.9
62.598568 29.743487 1334664921210 109.9
62.598568 29.743487 1334664923207 109.9
62.598568 29.743487 1334664925209 109.9
62.598568 29.743487 1334664929206 109.9
62.598568 29.743487 1334664931207 109.9
62.598568 29.743487 1334664933211 109.9
62.598568 29.743487 1334664935207 109.9
62.598568 29.743487 1334664937212 109.9
62.598568 29.743487 1334664939224 109.9
62.598568 29.743487 1334664941220 109.9
62.598568 29.743487 1334664945210 109.9
62.598568 29.743487 1334664947207 109.9
62.598475 29.743045 1334664949224 110.4
62.598487 29.743107 1334664951207 110.6
62.59851 29.743128 1334664953210 110.7
62.598544 29.743186 1334664955215 110.7
62.59856 29.743196 1334664957230 110.8
62.598564 29.743194 1334664961206 110.8
62.598664 29.74329 1334664963210 111.1
62.598734 29.743271 1334664965219 111.2
62.59872 29.743431 1334664967210 111.3
62.598458 29.743549 1334664969513 112.7
62.598418 29.743507 1334664971211 114.2
62.598451 29.743413 1334664973211 115.4
62.598485 29.743352 1334664977220 116.3
62.598508 29.743282 1334664979211 112.5
62.598551 29.743186 1334664981211 113.8
62.598574 29.743156 1334664983212 116.2
62.598596 29.743172 1334664985211 115.6
62.598613 29.743178 1334664987212 116.8
62.598572 29.743097 1334664989225 113.2
62.598671 29.742918 1334664993209 128.3
62.598661 29.742865 1334664995215 130.6
62.598672 29.742842 1334664997214 128.9
62.59869 29.74285 1334664999211 128.8
62.59871 29.742877 1334665001210 128.5
62.598693 29.742918 1334665003211 129.2
62.598689 29.742931 1334665005212 129.2
62.598858 29.74317 1334665009224 123.7
62.59888 29.74322 1334665011227 123.1
62.598911 29.74326 1334665013230 120.7
62.598932 29.743294 1334665015249 118.3
62.598956 29.743306 1334665017219 116.3
62.598952 29.743308 1334665019219 115.2
62.598949 29.743219 1334665021236 108.6
62.598964 29.743102 1334665025215 106.3
62.598965 29.743034 1334665027227 105.0
62.59897 29.743 1334665029223 104.2
62.598976 29.742915 1334665031222 102.8
62.598988 29.742858 1334665033243 102.8
62.599024 29.742804 1334665035221 101.2
62.599058 29.742804 1334665037224 101.4
62.599105 29.742777 1334665041221 98.8
62.59911 29.742742 1334665043217 99.8
62.599125 29.742449 1334665045225 99.6
62.599146 29.742463 1334665047222 98.4
62.599144 29.742481 1334665049227 97.2
62.599165 29.74249 1334665051227 91.8
62.599183 29.74244 1334665053236 89.9
62.599232 29.742431 1334665057229 88.8
62.599236 29.742432 1334665059227 89.1
62.599245 29.742425 1334665061229 85.9
62.599266 29.742419 1334665063223 84.9
62.599277 29.742397 1334665065222 85.1
62.599292 29.742379 1334665067301 84.6
62.599306 29.742373 1334665069224 85.0
62.599389 29.742344 1334665073250 91.9
62.599442 29.742397 1334665075229 94.0
62.599498 29.742447 1334665077229 96.3
62.59952 29.742455 1334665079260 96.3
62.599568 29.742509 1334665081230 96.1
62.599587 29.742558 1334665083236 95.4
62.599622 29.742595 1334665085287 95.7
62.59965 29.74257 1334665089230 95.3
62.599675 29.7426 1334665091246 96.2
62.599697 29.74263 1334665093230 96.5
62.599772 29.742666 1334665095232 97.2
62.599801 29.742698 1334665097248 97.5
62.599797 29.742696 1334665099247 97.4
62.599837 29.742766 1334665101231 96.8
62.599881 29.74281 1334665105232 97.8
62.599902 29.742827 1334665107427 97.0
62.599929 29.742787 1334665109254 94.6
62.59994 29.742769 1334665111229 94.3
62.599942 29.742746 1334665113229 94.3
62.599963 29.74275 1334665115248 94.2
62.600016 29.742823 1334665117230 94.0
62.600107 29.742888 1334665121248 93.0
62.60011 29.742894 1334665123231 94.6
62.600156 29.742934 1334665125227 95.2
62.600175 29.742967 1334665127257 94.4
62.600199 29.743013 1334665129238 93.1
62.600223 29.743088 1334665131256 91.5
62.600233 29.743121 1334665133283 90.1
62.600298 29.743238 1334665137237 88.7
62.600329 29.74328 1334665139246 89.7
62.600341 29.743236 1334665141247 87.4
62.60035 29.743202 1334665143243 86.8
62.600375 29.743125 1334665145241 86.5
62.600388 29.743088 1334665147297 85.2
62.600405 29.743043 1334665149251 83.7
62.600418 29.742981 1334665153238 82.8
62.600431 29.742908 1334665155235 80.3
62.600454 29.742886 1334665157235 80.3
62.60048 29.742874 1334665159268 79.9
62.600513 29.742863 1334665161240 79.5
62.600525 29.742858 1334665163359 79.4
62.600575 29.742872 1334665165697 80.9
62.60061 29.742907 1334665169226 81.8
62.600634 29.742901 1334665171257 82.1
62.600665 29.742909 1334665173228 81.6
62.600689 29.742932 1334665175228 82.3
62.600695 29.742927 1334665177232 81.8
62.600737 29.743028 1334665179308 85.1
62.60076 29.74306 1334665181231 85.3
62.600814 29.743126 1334665185235 86.5
62.60083 29.743155 1334665187239 87.4
62.600872 29.743215 1334665189236 88.1
62.600902 29.743244 1334665191236 90.1
62.600923 29.743224 1334665193249 90.1
62.600942 29.743207 1334665195248 91.1
62.600966 29.743238 1334665197252 92.2
62.601004 29.743269 1334665201261 92.6
62.601048 29.743308 1334665203239 93.1
62.60108 29.743334 1334665205241 93.7
62.601105 29.743352 1334665207286 93.2
62.601129 29.743362 1334665209242 91.4
62.601142 29.743374 1334665211238 90.9
62.601173 29.743413 1334665213241 90.2
62.601224 29.74345 1334665217243 87.7
62.601247 29.743477 1334665219241 87.9
62.601262 29.74348 1334665221242 88.1
62.601294 29.743454 1334665223253 88.3
62.601325 29.743524 1334665225256 88.7
62.60135 29.743574 1334665227260 88.7
62.601374 29.743562 1334665229260 88.6
62.601434 29.743611 1334665233244 89.4
62.601466 29.743628 1334665235244 89.7
62.601495 29.743653 1334665237245 90.1
62.601513 29.743684 1334665239259 89.5
62.601518 29.7437 1334665241248 88.3
62.601548 29.743758 1334665243259 89.4
62.601579 29.743781 1334665245246 88.2
62.601634 29.743776 1334665249244 88.4
62.601652 29.743773 1334665251249 87.4
62.601683 29.743766 1334665253255 85.9
62.601702 29.743736 1334665255207 86.1
62.601727 29.743718 1334665257210 85.1
62.601742 29.743716 1334665259211 81.6
62.601758 29.743723 1334665261207 80.8
62.601839 29.743711 1334665265211 79.0
62.60188 29.743695 1334665267212 80.2
62.601914 29.743688 1334665269212 80.0
62.601933 29.743688 1334665271212 81.2
62.60197 29.74367 1334665273212 80.2
62.601992 29.743663 1334665275211 80.1
62.601994 29.743666 1334665277211 79.2
62.602038 29.743672 1334665281207 78.4
62.602064 29.743674 1334665283211 75.9
62.602089 29.74369 1334665285211 74.4
62.602119 29.743712 1334665287212 75.0
62.602144 29.743735 1334665289219 75.5
62.602173 29.743754 1334665291219 77.4
62.602211 29.743769 1334665293219 79.9
62.602271 29.743799 1334665297207 82.2
62.60228 29.743826 1334665299211 82.4
62.602297 29.743849 1334665301211 82.6
62.602324 29.743867 1334665303214 82.8
62.602332 29.743869 1334665305211 84.1
62.602415 29.743714 1334665307211 85.1
62.60246 29.743692 1334665309213 85.9
62.602511 29.743666 1334665313208 88.0
62.602541 29.743671 1334665315212 87.1
62.602559 29.743832 1334665317211 90.2
62.602571 29.743884 1334665319212 87.0
62.602571 29.743916 1334665321219 86.9
62.6026 29.743966 1334665323227 85.9
62.602592 29.744004 1334665325218 85.5
62.602641 29.744136 1334665329210 82.5
62.60267 29.744121 1334665331211 81.1
62.602668 29.744132 1334665333212 79.4
62.602674 29.744132 1334665335212 79.1
62.602661 29.744163 1334665337219 78.4
62.602665 29.744172 1334665339220 78.0
62.602691 29.744216 1334665341218 77.6
62.602711 29.744372 1334665345210 77.4
62.602708 29.744497 1334665347211 77.1
62.602711 29.744556 1334665349211 76.2
62.60271 29.744691 1334665351212 79.0
62.602725 29.74479 1334665353222 81.4
62.602766 29.74481 1334665355221 81.2
62.6028 29.74482 1334665357244 79.6
62.602873 29.744886 1334665361211 81.5
62.602888 29.744893 1334665363212 81.5
62.602935 29.744898 1334665365209 81.0
62.602982 29.744948 1334665367217 81.4
62.603006 29.744967 1334665369211 81.6
62.602999 29.744992 1334665371211 81.1
62.60299 29.745018 1334665373212 81.4
62.602946 29.745144 1334665377212 84.2
62.602924 29.745131 1334665379209 84.3
62.602896 29.745114 1334665381211 84.4
62.602883 29.745107 1334665383212 84.2
62.602844 29.74507 1334665385211 83.8
62.602814 29.745043 1334665387223 83.8
62.602795 29.745014 1334665389213 84.3
62.602744 29.745048 1334665393207 83.7
62.602714 29.745088 1334665395213 84.0
62.602697 29.74511 1334665397210 84.0
62.602699 29.74516 1334665399213 84.5
62.602719 29.745195 1334665401219 84.0
62.602731 29.745232 1334665403220 83.4
62.602733 29.745276 1334665405209 83.2
62.602716 29.745281 1334665409210 82.7
62.602694 29.745267 1334665411212 83.1
62.602673 29.745239 1334665413211 82.8
62.602633 29.745229 1334665415213 83.8
62.602621 29.745246 1334665417222 83.5
62.60259 29.745311 1334665419212 83.0
62.60257 29.745357 1334665421211 83.0
62.602532 29.745459 1334665425212 82.5
62.602524 29.745482 1334665427207 82.3
62.602497 29.745548 1334665429211 82.1
62.602476 29.74559 1334665431213 82.0
62.602455 29.745632 1334665433224 81.8
62.602429 29.745667 1334665435212 81.8
62.602416 29.745681 1334665437224 81.5
62.602346 29.745758 1334665441244 81.5
62.602321 29.745794 1334665443212 81.8
62.602296 29.745825 1334665445211 81.6
62.60227 29.745851 1334665447212 81.6
62.602244 29.745881 1334665449212 81.8
62.602232 29.745896 1334665451207 81.8
62.602192 29.745934 1334665453210 82.0
62.602134 29.745986 1334665457231 82.1
62.602107 29.746012 1334665459210 82.0
62.602094 29.746028 1334665461211 82.0
62.602054 29.746075 1334665463212 82.1
62.602028 29.746101 1334665465229 82.3
62.602 29.746121 1334665467260 82.3
62.601974 29.746134 1334665469262 82.0
62.601922 29.746153 1334665473223 82.2
62.601895 29.746168 1334665475235 82.3
62.60187 29.74618 1334665477234 82.3
62.601846 29.746208 1334665479230 81.8
62.601835 29.746234 1334665481230 81.7
62.601816 29.74632 1334665483231 81.5
62.601805 29.746376 1334665485224 81.0
62.601783 29.746499 1334665489230 80.8
62.601777 29.746527 1334665491224 80.9
62.601758 29.746602 1334665493232 80.6
62.601747 29.746662 1334665495231 81.1
62.60174 29.746709 1334665497229 80.5
62.60173 29.746771 1334665499231 80.8
62.601722 29.746788 1334665501236 80.8
62.601695 29.74694 1334665505229 81.1
62.60168 29.746996 1334665507236 80.9
62.601666 29.747045 1334665509245 81.1
62.601656 29.747059 1334665511215 81.9
62.601618 29.7471 1334665513218 81.9
62.601596 29.74713 1334665515239 81.9
62.601571 29.74717 1334665517239 82.1
62.601554 29.747211 1334665521438 81.0
62.601519 29.747263 1334665523246 82.0
62.601511 29.747279 1334665525241 83.0
62.601472 29.747318 1334665527254 83.3
62.60145 29.747358 1334665529249 84.0
62.601432 29.747416 1334665531253 85.3
62.601447 29.747434 1334665533250 86.8
62.601501 29.74746 1334665537266 87.0
62.601521 29.747476 1334665539247 86.8
62.601532 29.747477 1334665541250 86.8
62.60154 29.747482 1334665543273 86.6
62.601549 29.747489 1334665545257 86.2
62.60155 29.74749 1334665547275 86.2
62.60154 29.747518 1334665549295 86.3
62.601546 29.747632 1334665553259 86.2
62.601582 29.747682 1334665555270 86.3
62.601618 29.747702 1334665557245 86.2
62.601644 29.747709 1334665559256 86.3
62.601734 29.747779 1334665561287 86.3
62.601776 29.747815 1334665563298 86.3
62.601816 29.747855 1334665565228 86.3
62.601843 29.74789 1334665569211 86.3
62.601842 29.747864 1334665571211 86.3
62.601832 29.74785 1334665573211 86.3
62.60182 29.747844 1334665575211 86.2
62.601808 29.747862 1334665577211 86.2
62.601803 29.747874 1334665579218 86.2
62.601784 29.747847 1334665581219 86.1
62.6017 29.747869 1334665585213 86.0
62.601694 29.747945 1334665587208 85.9
62.601666 29.747904 1334665589212 87.3
62.601616 29.747887 1334665591211 80.2
62.601606 29.747873 1334665593212 80.2
62.601568 29.747802 1334665595220 80.2
62.601537 29.747807 1334665597219 78.6
62.601487 29.747787 1334665601212 77.8
62.601473 29.74777 1334665603211 78.0
62.601425 29.747652 1334665605212 80.2
62.601414 29.747636 1334665607215 80.4
62.601306 29.747377 1334665609212 81.0
62.60129 29.747379 1334665611211 81.7
62.601272 29.747376 1334665613215 82.9
62.601249 29.747317 1334665617215 87.1
62.601216 29.747281 1334665619213 87.0
62.601199 29.747236 1334665621212 86.6
62.601184 29.747204 1334665623211 85.7
62.601164 29.74717 1334665625225 84.9
62.601148 29.747147 1334665627212 84.2
62.601139 29.747174 1334665629207 75.9