62.686135 29.776071 1412412627743 133.0
62.686136 29.776075 1412412631724 132.0
62.68614 29.776077 1412412632742 132.0
62.686142 29.776075 1412412634729 132.0
62.686152 29.776047 1412412636726 132.0
62.686158 29.776029 1412412638729 132.0
62.686158 29.776026 1412412640733 132.0
62.686159 29.776028 1412412642739 133.0
62.68616 29.776032 1412412644737 133.0
62.68616 29.776025 1412412646738 136.0
62.68616 29.776025 1412412648739 135.0
62.686161 29.776025 1412412650729 135.0
62.68616 29.776029 1412412652729 135.0
62.686161 29.776028 1412412654736 135.0
62.686162 29.776028 1412412656720 135.0
62.686162 29.776028 1412412658731 135.0
62.686162 29.776029 1412412660737 135.0
62.686162 29.77603 1412412662733 135.0
62.686162 29.776035 1412412664729 136.0
62.686163 29.776038 1412412666722 137.0
62.686164 29.776039 1412412668728 138.0
62.686165 29.77604 1412412670731 138.0
62.686167 29.776041 1412412672737 138.0
62.686168 29.776042 1412412674737 138.0
62.686168 29.776043 1412412676723 138.0
62.686169 29.776044 1412412678738 138.0
62.686169 29.776045 1412412680738 139.0
62.68617 29.776045 1412412682774 139.0
62.686171 29.776046 1412412684771 139.0
62.686171 29.776047 1412412686742 139.0
62.686172 29.776047 1412412688752 139.0
62.686172 29.776047 1412412690768 139.0
62.686172 29.776047 1412412692734 139.0
62.686172 29.776047 1412412694746 139.0
62.686172 29.776047 1412412696711 139.0
62.686176 29.776039 1412412698715 139.0
62.686206 29.776015 1412412700731 139.0
62.686252 29.77604 1412412702705 139.0
62.686307 29.776107 1412412704721 139.0
62.686355 29.776203 1412412706709 136.0
62.686416 29.776309 1412412708722 136.0
62.686461 29.776429 1412412710709 134.0
62.686516 29.776547 1412412712719 135.0
62.686563 29.776638 1412412714721 132.0
62.686624 29.776735 1412412716722 132.0
62.686674 29.776834 1412412718721 132.0
62.686726 29.776926 1412412720723 133.0
62.686768 29.77703 1412412722720 134.0
62.686804 29.777115 1412412724713 134.0
62.686829 29.777209 1412412726720 133.0
62.686868 29.777319 1412412728723 134.0
62.68691 29.777413 1412412730719 134.0
62.686944 29.777503 1412412732712 133.0
62.686992 29.777623 1412412734717 134.0
62.687029 29.777746 1412412736719 134.0
62.68706 29.777838 1412412738710 133.0
62.687089 29.777925 1412412740709 131.0
62.687118 29.778009 1412412742719 131.0
62.687159 29.778107 1412412744710 131.0
62.687181 29.778212 1412412746711 129.0
62.687178 29.778322 1412412748710 130.0
62.687161 29.778433 1412412750709 129.0
62.687162 29.778513 1412412752714 131.0
62.687169 29.778636 1412412754716 133.0
62.687175 29.778723 1412412756721 133.0
62.687166 29.778811 1412412758725 131.0
62.687154 29.778903 1412412760737 129.0
62.687136 29.778968 1412412762740 128.0
62.687122 29.77907 1412412764714 129.0
62.687119 29.779193 1412412766717 131.0
62.687115 29.779281 1412412768719 129.0
62.687113 29.779369 1412412770718 128.0
62.68711 29.779441 1412412772731 127.0
62.687101 29.779531 1412412774724 125.0
62.687087 29.779616 1412412776727 125.0
62.68708 29.779702 1412412778724 125.0
62.687073 29.779758 1412412780714 126.0
62.687073 29.77985 1412412782715 125.0
62.687069 29.779941 1412412784713 125.0
62.687058 29.780025 1412412786725 125.0
62.687056 29.780113 1412412788715 124.0
62.687058 29.780175 1412412790718 123.0
62.687035 29.780405 1412412792728 124.0
62.687038 29.780591 1412412794726 125.0
62.687041 29.780758 1412412796715 124.0
62.687035 29.780829 1412412798718 123.0
62.687036 29.780916 1412412800719 123.0
62.687047 29.781098 1412412802726 126.0
62.687093 29.781221 1412412804716 130.0
62.687122 29.781361 1412412806713 133.0
62.687127 29.781462 1412412808713 131.0
62.687155 29.781548 1412412810714 134.0
62.687162 29.781679 1412412812715 135.0
62.68716 29.78177 1412412814710 134.0
62.687167 29.78191 1412412816715 134.0
62.687181 29.782026 1412412818711 133.0
62.68719 29.78221 1412412820724 130.0
62.687205 29.782346 1412412822714 130.0
62.68722 29.7825 1412412824715 128.0
62.687231 29.782656 1412412826712 126.0
62.687232 29.782786 1412412828711 125.0
62.687241 29.782871 1412412830713 125.0
62.687262 29.782928 1412412832719 125.0
62.687333 29.78298 1412412834720 129.0
62.687389 29.782971 1412412836709 129.0
62.687442 29.782971 1412412838723 129.0
62.687491 29.782975 1412412840708 129.0
62.687541 29.783004 1412412842711 128.0
62.68759 29.783022 1412412844711 126.0
62.687659 29.783034 1412412846710 127.0
62.687704 29.783024 1412412848711 127.0
62.687763 29.783012 1412412850717 131.0
62.687801 29.783038 1412412852722 130.0
62.68781 29.78308 1412412854716 127.0
62.687837 29.78312 1412412856717 128.0
62.687854 29.783192 1412412858709 128.0
62.687878 29.783274 1412412860719 127.0
62.687913 29.78341 1412412862701 128.0
62.687944 29.783513 1412412864706 131.0
62.687958 29.78357 1412412866705 133.0
62.688011 29.783651 1412412868700 140.0
62.688037 29.783717 1412412870710 144.0
62.688059 29.783802 1412412872710 147.0
62.688093 29.783913 1412412874710 148.0
62.688117 29.784012 1412412876703 147.0
62.688142 29.78413 1412412878700 146.0
62.688151 29.784229 1412412880716 144.0
62.688168 29.784339 1412412882712 142.0
62.688185 29.784414 1412412884713 141.0
62.688202 29.784479 1412412886700 141.0
62.688226 29.784525 1412412888709 143.0
62.688235 29.784556 1412412890702 144.0
62.68824 29.784586 1412412892704 145.0
62.688234 29.784646 1412412894701 143.0
62.688228 29.784674 1412412896699 144.0
62.688228 29.784708 1412412898700 143.0
62.688216 29.784751 1412412900710 141.0
62.688205 29.784792 1412412902711 141.0
62.688204 29.784832 1412412904711 142.0
62.688207 29.784945 1412412906708 143.0
62.688205 29.785073 1412412908701 143.0
62.688201 29.785178 1412412910696 143.0
62.68818 29.785295 1412412912686 143.0
62.688164 29.785353 1412412914705 142.0
62.688153 29.785403 1412412916702 143.0
62.688147 29.785413 1412412918711 143.0
62.688134 29.785428 1412412920698 143.0
62.688117 29.785479 1412412922697 142.0
62.688116 29.785494 1412412924707 142.0
62.68812 29.785485 1412412926692 143.0
62.688129 29.785505 1412412928707 142.0
62.688155 29.785561 1412412930701 142.0
62.688172 29.785655 1412412932705 142.0
62.68816 29.785773 1412412934693 141.0
62.688143 29.785885 1412412936696 140.0
62.688101 29.786057 1412412938695 136.0
62.688088 29.786162 1412412940722 135.0
62.688051 29.786256 1412412942692 135.0
62.68802 29.786326 1412412944695 133.0
62.687992 29.786397 1412412946704 132.0
62.68797 29.786481 1412412948688 129.0
62.687944 29.786646 1412412950697 130.0
62.687918 29.786727 1412412952690 129.0
62.687891 29.786812 1412412954693 127.0
62.687857 29.78691 1412412956699 125.0
62.687818 29.78708 1412412958691 125.0
62.687777 29.787176 1412412960686 125.0
62.68773 29.787339 1412412962691 125.0
62.687688 29.787414 1412412964687 124.0
62.687649 29.78752 1412412966688 122.0
62.68762 29.787613 1412412968688 121.0
62.687591 29.787699 1412412970686 118.0
62.687554 29.787786 1412412972686 116.0
62.687515 29.787853 1412412974688 114.0
62.687477 29.787942 1412412976687 114.0
62.687453 29.788077 1412412978686 112.0
62.687432 29.788183 1412412980691 112.0
62.687405 29.788288 1412412982682 113.0
62.687387 29.788327 1412412984682 111.0
62.687352 29.788379 1412412986683 113.0
62.687311 29.788417 1412412988692 119.0
62.687256 29.788449 1412412990693 119.0
62.687202 29.788494 1412412992698 122.0
62.687148 29.788525 1412412994694 120.0
62.687094 29.788553 1412412996692 120.0
62.687053 29.788607 1412412998687 125.0
62.687009 29.788657 1412413000698 126.0
62.686946 29.788718 1412413002683 126.0
62.686922 29.78871 1412413004693 126.0
62.686912 29.788724 1412413006688 127.0
62.686901 29.788768 1412413008683 128.0
62.686891 29.788788 1412413010684 130.0
62.686886 29.788799 1412413012695 130.0
62.686871 29.788844 1412413014696 129.0
62.68687 29.788884 1412413016696 129.0
62.686881 29.78897 1412413018691 131.0
62.686898 29.789066 1412413020670 133.0
62.686897 29.789167 1412413022672 133.0
62.686901 29.789228 1412413024669 133.0
62.686892 29.789281 1412413026679 133.0
62.686879 29.789344 1412413028671 132.0
62.686837 29.789433 1412413030668 129.0
62.686796 29.789497 1412413032668 127.0
62.686735 29.789571 1412413034678 124.0
62.686695 29.789626 1412413036671 122.0
62.686676 29.789675 1412413038668 120.0
62.686677 29.789739 1412413040667 118.0
62.686688 29.789834 1412413042677 120.0
62.686647 29.789888 1412413044674 120.0
62.686623 29.789975 1412413046676 122.0
62.686562 29.790055 1412413048678 116.0
62.686537 29.790124 1412413050672 114.0
62.686495 29.79023 1412413052673 112.0
62.686457 29.790309 1412413054675 109.0
62.686431 29.790387 1412413056667 108.0
62.686425 29.790484 1412413058664 107.0
62.686432 29.79061 1412413060686 108.0
62.68644 29.790705 1412413062677 110.0
62.686442 29.790875 1412413064664 109.0
62.686443 29.791059 1412413066675 109.0
62.686451 29.791119 1412413068665 113.0
62.686447 29.791181 1412413070675 115.0
62.686458 29.791264 1412413072665 118.0
62.686462 29.791317 1412413074678 121.0
62.686462 29.791395 1412413076678 122.0
62.686474 29.791488 1412413078676 122.0
62.686494 29.791575 1412413080677 123.0
62.686508 29.791638 1412413082676 125.0
62.686509 29.791669 1412413085662 125.0
62.686511 29.791688 1412413087677 125.0
62.686525 29.791696 1412413089670 125.0
62.686541 29.791684 1412413091673 128.0
62.686567 29.791666 1412413093677 128.0
62.686613 29.791656 1412413095682 127.0
62.686687 29.791669 1412413097685 130.0
62.686741 29.791722 1412413099689 129.0
62.686785 29.791733 1412413101700 127.0
62.686827 29.791754 1412413103697 128.0
62.686887 29.79182 1412413105686 128.0
62.686897 29.791825 1412413106688 126.0
62.686907 29.791867 1412413108686 126.0
62.686945 29.791898 1412413110677 127.0
62.68697 29.791924 1412413112687 125.0
62.687002 29.791961 1412413114686 125.0
62.687003 29.792009 1412413116682 121.0
62.68704 29.792037 1412413118670 120.0
62.687057 29.792071 1412413120690 118.0
62.687074 29.792093 1412413122666 116.0
62.687091 29.792134 1412413124679 113.0
62.687102 29.792154 1412413126680 110.0
62.687092 29.792174 1412413128676 107.0
62.687138 29.792214 1412413130669 105.0
62.687209 29.792248 1412413132680 110.0
62.687256 29.792291 1412413134671 112.0
62.687266 29.792341 1412413136681 112.0
62.687267 29.792376 1412413138680 110.0
62.687296 29.792442 1412413140671 109.0
62.687307 29.792518 1412413142678 109.0
62.687341 29.792548 1412413144675 113.0
62.68739 29.792593 1412413146668 120.0
62.687395 29.792675 1412413148666 115.0
62.687396 29.792708 1412413150667 112.0
62.687399 29.792712 1412413152672 113.0
62.687401 29.79271 1412413154665 114.0
62.687405 29.792714 1412413156672 115.0
62.687412 29.79272 1412413158666 115.0
62.687411 29.792733 1412413160671 114.0
62.687414 29.792768 1412413162671 118.0
62.687424 29.792848 1412413164673 118.0
62.687422 29.792929 1412413166661 118.0
62.687396 29.79301 1412413168674 115.0
62.687394 29.793086 1412413170675 116.0
62.687396 29.793184 1412413172667 115.0
62.687394 29.793226 1412413174679 114.0
62.687398 29.793255 1412413176674 115.0
62.687391 29.793282 1412413178668 115.0
62.687392 29.793312 1412413180689 114.0
62.687389 29.793331 1412413182672 113.0
62.687399 29.793352 1412413184662 114.0
62.687402 29.793372 1412413186671 112.0
62.687406 29.793397 1412413188673 110.0
62.687405 29.793419 1412413190666 108.0
62.687408 29.793464 1412413192667 107.0
62.687435 29.793509 1412413194673 105.0
62.687461 29.793544 1412413196672 104.0
62.687487 29.793601 1412413198666 103.0
62.687522 29.793707 1412413200674 101.0
62.687566 29.793806 1412413202673 101.0
62.687599 29.793895 1412413204662 102.0
62.687648 29.793931 1412413206670 108.0
62.687649 29.793951 1412413208658 106.0
62.687671 29.793964 1412413210689 110.0
62.687707 29.793945 1412413212667 116.0
62.687776 29.793975 1412413214663 121.0
62.687822 29.793999 1412413216642 128.0
62.68784 29.79405 1412413218650 132.0
62.687862 29.794078 1412413220663 134.0
62.687869 29.79408 1412413222667 135.0
62.687867 29.794058 1412413224664 135.0
62.687864 29.794041 1412413226668 133.0
62.687868 29.793973 1412413228671 132.0
62.687891 29.793916 1412413230657 134.0
62.6879 29.793887 1412413232668 136.0
62.68791 29.793842 1412413234660 135.0
62.687915 29.793802 1412413236666 135.0
62.687914 29.793764 1412413238665 137.0
62.687923 29.793717 1412413240669 136.0
62.687943 29.79365 1412413242664 140.0
62.687965 29.793604 1412413244665 142.0
62.68798 29.793584 1412413246667 142.0
62.688016 29.793529 1412413248662 144.0
62.688044 29.793473 1412413250667 145.0
62.688068 29.793433 1412413252641 146.0
62.68808 29.793396 1412413254656 147.0
62.688092 29.793341 1412413256651 145.0
62.688108 29.793326 1412413258669 145.0
62.688146 29.793294 1412413260656 143.0
62.688189 29.793281 1412413262649 143.0
62.68824 29.79327 1412413264662 142.0
62.68831 29.793265 1412413266646 143.0
62.688362 29.79326 1412413268650 144.0
62.688419 29.793249 1412413270663 144.0
62.688483 29.793219 1412413272650 142.0
62.688542 29.793153 1412413274666 142.0
62.688602 29.793074 1412413276649 140.0
62.688658 29.793006 1412413278652 138.0
62.68873 29.792953 1412413280656 141.0
62.688784 29.792917 1412413282650 136.0
62.688849 29.792866 1412413284659 139.0
62.688907 29.792781 1412413286662 139.0
62.688956 29.792728 1412413288666 137.0
62.689022 29.792674 1412413290663 136.0
62.689079 29.792621 1412413292666 137.0
62.689135 29.792566 1412413294651 136.0
62.68918 29.792522 1412413296662 134.0
62.689232 29.792434 1412413298650 132.0
62.689386 29.792403 1412413300663 148.0
62.689453 29.792334 1412413302652 150.0
62.689523 29.792269 1412413304650 153.0
62.689569 29.792186 1412413306649 156.0
62.689594 29.792078 1412413308661 157.0
62.689622 29.79199 1412413310647 157.0
62.689647 29.79191 1412413312655 157.0
62.68968 29.791847 1412413314647 155.0
62.689722 29.791784 1412413316646 155.0
62.689758 29.791714 1412413318661 154.0
62.689794 29.791625 1412413320650 150.0
62.689829 29.791521 1412413322656 146.0
62.689859 29.791407 1412413324646 144.0
62.689873 29.791274 1412413326650 143.0
62.689878 29.791186 1412413328654 143.0
62.689852 29.791122 1412413330640 145.0
62.689863 29.791003 1412413332625 146.0
62.689865 29.790936 1412413334642 144.0
62.689838 29.790874 1412413336639 144.0
62.689825 29.790818 1412413338642 143.0
62.68982 29.790778 1412413340642 144.0
62.689835 29.790691 1412413342644 143.0
62.689854 29.790612 1412413344650 146.0
62.689872 29.790567 1412413346653 144.0
62.689875 29.790464 1412413348652 143.0
62.689883 29.790406 1412413350651 142.0
62.689889 29.790342 1412413352656 144.0
62.689891 29.790258 1412413354651 147.0
62.689907 29.790169 1412413356652 144.0
62.689936 29.790092 1412413358650 144.0
62.689954 29.789997 1412413360665 144.0
62.689962 29.78995 1412413362648 141.0
62.689971 29.789864 1412413364635 138.0
62.689966 29.789777 1412413366651 133.0
62.689958 29.78968 1412413368639 132.0
62.689971 29.78959 1412413370631 132.0
62.689971 29.789521 1412413372637 130.0
62.689968 29.789498 1412413374631 130.0
62.68997 29.789472 1412413376635 129.0
62.689977 29.789465 1412413378633 128.0
62.689983 29.78944 1412413380649 125.0
62.689997 29.789422 1412413382652 123.0
62.69001 29.789379 1412413384652 121.0
62.690021 29.789319 1412413386649 121.0
62.690055 29.789297 1412413388655 120.0
62.690096 29.789197 1412413390641 126.0
62.690113 29.789154 1412413392649 127.0
62.690132 29.789122 1412413394651 129.0
62.69015 29.789112 1412413396652 130.0
62.690172 29.789066 1412413398653 126.0
62.690198 29.789038 1412413400651 127.0
62.690246 29.788977 1412413402654 129.0
62.69026 29.788969 1412413404651 124.0
62.690274 29.788939 1412413406651 124.0
62.690297 29.788892 1412413408640 126.0
62.690356 29.788813 1412413410650 130.0
62.690408 29.788757 1412413412640 133.0
62.690445 29.788726 1412413414651 133.0
62.690485 29.788687 1412413416650 134.0
62.69054 29.788648 1412413418642 139.0
62.690581 29.788575 1412413420660 138.0
62.690627 29.788522 1412413422641 142.0
62.690668 29.788464 1412413424653 142.0
62.690713 29.788385 1412413426651 143.0
62.690771 29.78834 1412413428649 143.0
62.69086 29.788253 1412413430639 148.0
62.690949 29.788137 1412413432637 152.0
62.691007 29.788083 1412413434637 155.0
62.691063 29.788039 1412413436644 157.0
62.691126 29.78799 1412413438646 160.0
62.69119 29.787934 1412413440649 160.0
62.691251 29.787883 1412413442653 157.0
62.691321 29.787853 1412413444657 153.0
62.691395 29.787843 1412413446661 151.0
62.691469 29.787848 1412413448668 149.0
62.691531 29.787845 1412413450674 149.0
62.691589 29.787808 1412413452651 147.0
62.691641 29.78782 1412413454650 149.0
62.691687 29.787806 1412413456648 150.0
62.691739 29.787775 1412413458649 153.0
62.691796 29.787741 1412413460637 155.0
62.691844 29.787704 1412413462647 156.0
62.691875 29.787669 1412413464654 158.0
62.691894 29.787659 1412413466652 158.0
62.691928 29.787592 1412413468656 160.0
62.691952 29.787498 1412413470660 161.0
62.691991 29.787448 1412413472654 161.0
62.69202 29.787418 1412413474643 161.0
62.692063 29.787374 1412413476642 163.0
62.692096 29.78734 1412413478644 163.0
62.692122 29.78731 1412413480673 162.0
62.692145 29.787278 1412413482660 160.0
62.692179 29.78725 1412413484656 159.0
62.692203 29.787254 1412413486645 155.0
62.692233 29.78727 1412413488646 152.0
62.692275 29.787257 1412413490647 151.0
62.692311 29.787279 1412413492642 151.0
62.692358 29.78731 1412413494648 149.0
62.692394 29.787344 1412413496649 149.0
62.692467 29.787397 1412413498646 157.0
62.692502 29.787467 1412413500649 156.0
62.692525 29.787474 1412413502643 153.0
62.692563 29.787493 1412413504647 158.0
62.692583 29.787502 1412413506645 158.0
62.692625 29.787517 1412413508651 159.0
62.692663 29.787515 1412413510652 158.0
62.692696 29.787516 1412413512648 162.0
62.692746 29.787495 1412413514653 169.0
62.69277 29.787496 1412413516653 170.0
62.692781 29.7875 1412413518648 169.0
62.692783 29.787521 1412413520650 169.0
62.692801 29.787538 1412413522635 170.0
62.692805 29.787565 1412413524630 168.0
62.69281 29.787593 1412413526670 164.0
62.692838 29.787618 1412413528644 162.0
62.692878 29.787652 1412413530636 162.0
62.692913 29.787688 1412413532645 158.0
62.692937 29.787683 1412413534637 155.0
62.692949 29.787674 1412413536640 155.0
62.692956 29.787674 1412413538644 155.0
62.692957 29.787672 1412413540679 156.0
62.692965 29.787669 1412413542668 157.0
62.692965 29.787674 1412413544645 156.0
62.692965 29.787676 1412413546664 156.0
62.692975 29.787675 1412413548636 155.0
62.692978 29.787704 1412413550639 156.0
62.692986 29.787756 1412413552637 157.0
62.692983 29.787831 1412413554641 158.0
62.692982 29.787921 1412413556625 158.0
62.692987 29.787986 1412413558629 157.0
62.692959 29.788063 1412413560637 156.0
62.692945 29.788134 1412413562633 155.0
62.69294 29.788236 1412413564624 150.0
62.692988 29.7882 1412413566630 150.0
62.692989 29.788269 1412413568627 150.0
62.69299 29.788289 1412413570636 150.0
62.692986 29.788349 1412413572647 149.0
62.692989 29.788393 1412413574635 150.0
62.692998 29.788441 1412413576629 150.0
62.692985 29.78849 1412413578624 150.0
62.693046 29.788484 1412413580615 152.0
62.693014 29.788522 1412413582620 152.0
62.693024 29.788495 1412413584617 152.0
62.693045 29.788448 1412413586620 152.0
62.693054 29.788427 1412413588618 152.0
62.69305 29.788431 1412413590630 152.0
62.693054 29.78841 1412413592633 153.0
62.69307 29.788365 1412413594630 153.0
62.693078 29.788342 1412413596632 152.0
62.693082 29.788332 1412413598618 151.0
62.693072 29.788339 1412413600642 150.0
62.693049 29.78833 1412413602628 148.0
62.693049 29.788327 1412413604628 148.0
62.69305 29.788325 1412413606617 148.0
62.693049 29.788325 1412413608630 148.0
62.693048 29.788327 1412413610631 147.0
62.693046 29.788323 1412413612617 147.0
62.693052 29.788315 1412413614617 147.0
62.693073 29.788305 1412413616633 147.0
62.693103 29.788309 1412413618624 145.0
62.69315 29.788307 1412413620626 144.0
62.693189 29.788277 1412413622630 143.0
62.693223 29.788278 1412413624626 139.0
62.693254 29.788252 1412413626626 137.0
62.693263 29.788216 1412413628631 137.0
62.69327 29.78818 1412413630622 138.0
62.693271 29.788124 1412413632628 138.0
62.693271 29.788099 1412413634628 137.0
62.693275 29.788038 1412413636629 137.0
62.69327 29.787998 1412413638630 136.0
62.693268 29.787955 1412413640621 136.0
62.69327 29.787915 1412413642619 137.0
62.693277 29.78788 1412413644631 138.0
62.693293 29.787836 1412413646625 140.0
62.693302 29.78783 1412413648633 141.0
62.693312 29.787835 1412413650630 140.0
62.693325 29.78782 1412413652625 141.0
62.693343 29.787795 1412413654627 142.0
62.693368 29.787773 1412413656629 144.0
62.693395 29.787736 1412413658629 145.0
62.693419 29.787667 1412413660631 143.0
62.69344 29.787593 1412413662634 143.0
62.693488 29.787484 1412413664629 147.0
62.693537 29.787361 1412413666627 146.0
62.693569 29.787255 1412413668630 148.0
62.693608 29.787183 1412413670617 146.0
62.693636 29.787154 1412413672628 147.0
62.69367 29.787147 1412413674629 146.0
62.693682 29.787135 1412413676630 144.0
62.693689 29.787122 1412413678628 144.0
62.693695 29.787112 1412413680626 147.0
62.693718 29.787095 1412413682623 150.0
62.693726 29.787101 1412413684625 148.0
62.693708 29.787116 1412413686623 148.0
62.693697 29.78711 1412413688628 146.0
62.693688 29.787098 1412413690621 144.0
62.6937 29.787108 1412413692623 144.0
62.693727 29.787094 1412413694619 143.0
62.69378 29.787085 1412413696620 143.0
62.69383 29.787044 1412413698622 143.0
62.693867 29.787057 1412413700618 141.0
62.693916 29.787032 1412413702622 137.0
62.694011 29.786993 1412413704619 149.0
62.69407 29.786946 1412413706626 152.0
62.694126 29.7869 1412413708619 155.0
62.69419 29.786879 1412413710619 158.0
62.694246 29.786774 1412413712613 163.0
62.694322 29.786697 1412413714599 162.0
62.694416 29.786612 1412413716607 168.0
62.694505 29.78653 1412413718609 170.0
62.694546 29.786428 1412413720619 171.0
62.694598 29.78633 1412413722606 174.0
62.694655 29.786235 1412413724605 177.0
62.694696 29.78616 1412413726604 174.0
62.694752 29.786109 1412413728603 171.0
62.694787 29.78606 1412413730604 171.0
62.694819 29.785963 1412413732606 170.0
62.694842 29.785905 1412413734604 170.0
62.694841 29.785821 1412413736600 160.0
62.694821 29.785772 1412413738604 158.0
62.694812 29.785757 1412413740604 156.0
62.694809 29.785752 1412413742594 156.0
62.694801 29.78574 1412413744593 153.0
62.694759 29.785697 1412413746594 143.0
62.694734 29.785694 1412413748601 133.0
62.694719 29.78569 1412413750595 127.0
62.694729 29.785678 1412413752602 128.0
62.694758 29.78557 1412413754600 130.0
62.694771 29.785413 1412413756603 131.0
62.694794 29.785288 1412413758603 130.0
62.694822 29.78523 1412413760592 133.0
62.694841 29.785158 1412413762606 132.0
62.694867 29.785035 1412413764593 132.0
62.694887 29.784916 1412413766604 131.0
62.694921 29.784782 1412413768598 128.0
62.69496 29.784654 1412413770600 125.0
62.694985 29.784518 1412413772602 123.0
62.695015 29.784428 1412413774615 125.0
62.695031 29.784353 1412413776613 123.0
62.695074 29.784255 1412413778613 126.0
62.695114 29.784151 1412413780610 128.0
62.695153 29.784081 1412413782600 126.0
62.695179 29.783979 1412413784602 130.0
62.69518 29.783912 1412413786607 128.0
62.69518 29.783846 1412413788612 126.0
62.695191 29.783749 1412413790589 130.0
62.695223 29.783699 1412413792608 129.0
62.695227 29.783625 1412413794608 130.0
62.695235 29.783592 1412413796606 129.0
62.695242 29.783553 1412413798599 126.0
62.695238 29.783477 1412413800615 127.0
62.695235 29.783394 1412413802590 124.0
62.69526 29.783339 1412413804590 121.0
62.695286 29.783239 1412413806580 119.0
62.695277 29.783169 1412413808587 117.0
62.695275 29.78305 1412413810596 115.0
62.695268 29.782941 1412413812601 129.0
62.69526 29.782815 1412413814604 133.0
62.695257 29.782725 1412413816596 137.0
62.695255 29.782602 1412413818595 141.0
62.695261 29.782539 1412413820602 140.0
62.695252 29.782492 1412413822619 142.0
62.695231 29.78244 1412413824618 141.0
62.695188 29.782405 1412413826595 139.0
62.695185 29.782325 1412413828597 140.0
62.695179 29.782276 1412413830591 139.0
62.695163 29.782212 1412413832595 139.0
62.695156 29.78211 1412413834595 139.0
62.695112 29.782 1412413836595 141.0
62.69506 29.781913 1412413838592 142.0
62.695036 29.781807 1412413840606 143.0
62.695029 29.781755 1412413842617 143.0
62.695011 29.78166 1412413844592 142.0
62.694969 29.781558 1412413846589 143.0
62.69497 29.781485 1412413848590 142.0
62.694948 29.781457 1412413850601 141.0
62.69493 29.7814 1412413852618 141.0
62.694933 29.781311 1412413854604 140.0
62.694912 29.781239 1412413856589 141.0
62.694911 29.781178 1412413858580 141.0
62.694904 29.781115 1412413860577 141.0
62.694873 29.781094 1412413862604 141.0
62.694837 29.781003 1412413864576 142.0
62.694799 29.780885 1412413866593 141.0
62.694778 29.780838 1412413868579 141.0
62.69477 29.780785 1412413870576 142.0
62.694748 29.780723 1412413872621 141.0
62.694709 29.780656 1412413874607 139.0
62.694689 29.780608 1412413876666 139.0
62.694664 29.780558 1412413878578 138.0
62.694624 29.780437 1412413880580 135.0
62.694609 29.780373 1412413882582 132.0
62.694577 29.780344 1412413884671 133.0
62.694531 29.780325 1412413886613 134.0
62.694509 29.780308 1412413888577 134.0
62.694459 29.780306 1412413890593 136.0
62.694413 29.780312 1412413892586 136.0
62.694376 29.780273 1412413894583 135.0
62.69434 29.780245 1412413896583 134.0
62.694296 29.780221 1412413898580 133.0
62.694242 29.780192 1412413900594 131.0
62.694217 29.780177 1412413902592 131.0
62.694182 29.78015 1412413904584 129.0
62.69415 29.780132 1412413906595 127.0
62.694119 29.780052 1412413908590 124.0
62.694093 29.779978 1412413910581 124.0
62.694065 29.779937 1412413912584 123.0
62.694033 29.779885 1412413914586 122.0
62.693999 29.779844 1412413916580 121.0
62.693978 29.779816 1412413918580 119.0
62.693961 29.779727 1412413920585 121.0
62.693961 29.779635 1412413922581 123.0
62.693958 29.779556 1412413924590 124.0
62.693954 29.779503 1412413926576 124.0
62.693954 29.779429 1412413928575 127.0
62.693958 29.779308 1412413930583 131.0
62.693958 29.779233 1412413932584 127.0
62.69395 29.779161 1412413934589 125.0
62.69394 29.779032 1412413936589 124.0
62.693941 29.778819 1412413938576 131.0
62.693942 29.778705 1412413940589 129.0
62.693933 29.778669 1412413942587 125.0
62.693939 29.778512 1412413944591 128.0
62.693945 29.778438 1412413946584 130.0
62.693951 29.778389 1412413948576 129.0
62.693958 29.778327 1412413950583 130.0
62.693969 29.778263 1412413952584 127.0
62.693983 29.778159 1412413954576 131.0
62.693991 29.778034 1412413956576 139.0
62.693994 29.777957 1412413958575 140.0
62.693998 29.777887 1412413960600 142.0
62.694008 29.777816 1412413962576 143.0
62.694027 29.777714 1412413964580 146.0
62.694033 29.777512 1412413966575 147.0
62.694046 29.77727 1412413968584 147.0
62.694085 29.777068 1412413970576 151.0
62.694096 29.777004 1412413972584 150.0
62.694123 29.77692 1412413974575 155.0
62.694158 29.776763 1412413976585 157.0
62.694162 29.776678 1412413978584 159.0
62.694165 29.776624 1412413980571 158.0
62.694176 29.776556 1412413982574 157.0
62.694201 29.776493 1412413984574 158.0
62.694203 29.776442 1412413986571 157.0
62.694218 29.776402 1412413988568 157.0
62.694228 29.776307 1412413990565 159.0
62.694219 29.776174 1412413992570 155.0
62.694236 29.776106 1412413994569 156.0
62.694238 29.776027 1412413996580 154.0
62.694237 29.77593 1412413998580 154.0
62.694236 29.775873 1412414000584 156.0
62.69423 29.775806 1412414002581 155.0
62.694232 29.775753 1412414004569 153.0
62.694224 29.775634 1412414006581 155.0
62.694214 29.775553 1412414008580 153.0
62.694229 29.775488 1412414010583 152.0
62.694218 29.775394 1412414012580 150.0
62.694221 29.775256 1412414014575 148.0
62.694214 29.775154 1412414016568 144.0
62.694206 29.775088 1412414018579 139.0
62.694188 29.774983 1412414020590 140.0
62.694182 29.77483 1412414022566 137.0
62.694174 29.77476 1412414024573 135.0
62.694182 29.77466 1412414026570 139.0
62.694174 29.774624 1412414028563 137.0
62.69416 29.77456 1412414030574 135.0
62.694163 29.774446 1412414032563 135.0
62.694157 29.774403 1412414034569 136.0
62.694163 29.774319 1412414036573 134.0
62.694162 29.774226 1412414038565 135.0
62.694176 29.774111 1412414040563 133.0
62.694193 29.774047 1412414042571 135.0
62.694207 29.773956 1412414044568 138.0
62.694227 29.773855 1412414046560 139.0
62.694234 29.773716 1412414048549 143.0
62.694243 29.773536 1412414050551 144.0
62.694249 29.773369 1412414052563 151.0
62.694257 29.773302 1412414054558 152.0
62.694258 29.773228 1412414056558 153.0
62.69425 29.773165 1412414058549 150.0
62.694234 29.77311 1412414060549 145.0
62.694228 29.77298 1412414062563 144.0
62.694219 29.772933 1412414064555 145.0
62.694223 29.772872 1412414066555 142.0
62.694228 29.772747 1412414068555 142.0
62.694235 29.77259 1412414070557 149.0
62.694243 29.772449 1412414072556 153.0
62.694246 29.772345 1412414074558 153.0
62.69427 29.772221 1412414076557 152.0
62.694282 29.772111 1412414078556 157.0
62.694285 29.771918 1412414080573 162.0
62.694309 29.771819 1412414082556 166.0
62.694335 29.771747 1412414084588 170.0
62.694362 29.771684 1412414086556 174.0
62.69435 29.771602 1412414088543 170.0
62.694345 29.771528 1412414090554 168.0
62.694342 29.771416 1412414092546 164.0
62.694351 29.77131 1412414094557 164.0
62.694385 29.77119 1412414096555 167.0
62.694418 29.771045 1412414098557 169.0
62.694435 29.77095 1412414100552 169.0
62.694449 29.770886 1412414102555 165.0
62.694466 29.770825 1412414104547 164.0
62.694482 29.770778 1412414106555 166.0
62.6945 29.770748 1412414108551 169.0
62.694512 29.770702 1412414110555 171.0
62.694539 29.770602 1412414112557 174.0
62.694584 29.77055 1412414114555 174.0
62.694628 29.770492 1412414116556 173.0
62.694675 29.770454 1412414118561 171.0
62.694704 29.77042 1412414120564 170.0
62.694754 29.770332 1412414122568 170.0
62.694795 29.77029 1412414124575 167.0
62.694837 29.770215 1412414126555 168.0
62.694894 29.77012 1412414128555 161.0
62.694918 29.770079 1412414130556 157.0
62.694961 29.770054 1412414132563 157.0
62.694983 29.770032 1412414134554 158.0
62.695028 29.770006 1412414136566 160.0
62.695058 29.769952 1412414138555 158.0
62.695087 29.769908 1412414140578 158.0
62.695128 29.769855 1412414142555 160.0
62.695165 29.769777 1412414144563 158.0
62.69521 29.769716 1412414146553 155.0
62.695243 29.76964 1412414148562 151.0
62.695279 29.769533 1412414150556 147.0
62.695316 29.769456 1412414152560 146.0
62.695353 29.769409 1412414154551 142.0
62.695372 29.769371 1412414156559 141.0
62.695404 29.769246 1412414158540 139.0
62.695453 29.769196 1412414160553 142.0
62.695499 29.769179 1412414162564 143.0
62.69554 29.769154 1412414164557 145.0
62.695585 29.769109 1412414166549 146.0
62.695608 29.769082 1412414168554 149.0
62.695638 29.769079 1412414170548 152.0
62.695654 29.769115 1412414172557 150.0
62.695695 29.769109 1412414174556 156.0
62.695708 29.769121 1412414176549 157.0
62.695762 29.769116 1412414178554 162.0
62.695797 29.769149 1412414180554 165.0
62.695832 29.769183 1412414182554 167.0
62.695867 29.769237 1412414184556 171.0
62.695898 29.769293 1412414186559 171.0
62.695905 29.769349 1412414188556 170.0
62.695928 29.769386 1412414190556 173.0
62.695947 29.769435 1412414192553 175.0
62.695978 29.769469 1412414194554 172.0
62.696007 29.769509 1412414196536 173.0
62.696038 29.769558 1412414198546 177.0
62.696049 29.769585 1412414200559 178.0
62.69606 29.769636 1412414202556 177.0
62.696075 29.769689 1412414204549 177.0
62.696094 29.769737 1412414206545 175.0
62.696109 29.769797 1412414208555 173.0
62.696123 29.769889 1412414210554 173.0
62.696124 29.769953 1412414212533 169.0
62.696137 29.770001 1412414214544 169.0
62.696146 29.770063 1412414216553 167.0
62.696161 29.770107 1412414218553 166.0
62.69617 29.770158 1412414220552 165.0
62.696176 29.77023 1412414222550 162.0
62.696183 29.770299 1412414224552 161.0
62.696183 29.770343 1412414226552 159.0
62.696188 29.770428 1412414228552 159.0
62.696193 29.7705 1412414230552 158.0
62.696228 29.770562 1412414232551 161.0
62.696247 29.770609 1412414234547 164.0
62.69628 29.770691 1412414236549 163.0
62.696308 29.770782 1412414238551 161.0
62.696313 29.770856 1412414240546 160.0
62.696328 29.770948 1412414242549 159.0
62.696377 29.771055 1412414244551 164.0
62.696393 29.771128 1412414246549 163.0
62.696391 29.771212 1412414248549 160.0
62.696433 29.771257 1412414250549 164.0
62.696457 29.771373 1412414252551 166.0
62.696467 29.77146 1412414254550 165.0
62.696477 29.771584 1412414256540 165.0
62.69649 29.771671 1412414258546 163.0
62.69651 29.771778 1412414260547 167.0
62.696562 29.771866 1412414262538 175.0
62.696599 29.771971 1412414264538 178.0
62.696603 29.772085 1412414266536 174.0
62.696616 29.772145 1412414268537 175.0
62.696626 29.772244 1412414270537 176.0
62.69662 29.772361 1412414272536 170.0
62.696651 29.772486 1412414274546 170.0
62.696678 29.772606 1412414276545 170.0
62.696671 29.772697 1412414278535 167.0
62.696671 29.772844 1412414280536 164.0
62.696667 29.772925 1412414282533 164.0
62.696672 29.773048 1412414284539 160.0
62.696674 29.773248 1412414286535 153.0
62.69669 29.773328 1412414288535 155.0
62.696706 29.773417 1412414290534 157.0
62.696717 29.773502 1412414292520 157.0
62.696731 29.773599 1412414294538 156.0
62.696722 29.773727 1412414296535 153.0
62.696709 29.773815 1412414298535 151.0
62.696698 29.773921 1412414300533 151.0
62.69669 29.774052 1412414302544 150.0
62.696686 29.774157 1412414304533 152.0
62.696678 29.774252 1412414306534 152.0
62.696661 29.77445 1412414308533 148.0
62.696658 29.774614 1412414310542 145.0
62.69664 29.774808 1412414312543 140.0
62.696634 29.774958 1412414314540 137.0
62.696655 29.775063 1412414316537 140.0
62.696652 29.775155 1412414318531 139.0
62.696668 29.77525 1412414320544 142.0
62.696666 29.775384 1412414322541 139.0
62.696703 29.775531 1412414324533 140.0
62.696717 29.775649 1412414326530 140.0
62.696732 29.775735 1412414328531 143.0
62.696726 29.775828 1412414330535 140.0
62.696737 29.775911 1412414332531 140.0
62.696742 29.776026 1412414334530 139.0
62.69672 29.776169 1412414336528 129.0
62.696768 29.776255 1412414338529 136.0
62.69678 29.77633 1412414340538 134.0
62.696786 29.776416 1412414342529 132.0
62.696789 29.77655 1412414344527 127.0
62.696807 29.77659 1412414346544 128.0
62.696807 29.776655 1412414348534 126.0
62.69683 29.776736 1412414350536 130.0
62.696859 29.776823 1412414352540 132.0
62.696884 29.776881 1412414354539 136.0
62.696888 29.776973 1412414356535 136.0
62.696905 29.777088 1412414358535 136.0
62.696923 29.777156 1412414360533 136.0
62.696961 29.777234 1412414362534 139.0
62.697011 29.777328 1412414364525 145.0
62.697036 29.777424 1412414366530 147.0
62.697045 29.777509 1412414368533 146.0
62.697054 29.77756 1412414370524 150.0
62.697088 29.777663 1412414372525 151.0
62.697109 29.777766 1412414374532 153.0
62.697142 29.777834 1412414376532 156.0
62.697175 29.777927 1412414378531 158.0
62.697214 29.778002 1412414380541 163.0
62.697236 29.778072 1412414382528 164.0
62.697278 29.778132 1412414384521 166.0
62.697301 29.778257 1412414386527 166.0
62.69731 29.778385 1412414388527 165.0
62.697288 29.778527 1412414390527 158.0
62.697292 29.778586 1412414392527 158.0
62.697304 29.778643 1412414394529 156.0
62.697323 29.77872 1412414396507 159.0
62.697319 29.778837 1412414398515 159.0
62.69732 29.778925 1412414400506 156.0
62.697321 29.77908 1412414402509 155.0
62.697336 29.779175 1412414404515 156.0
62.697347 29.779284 1412414406518 154.0
62.697314 29.779411 1412414408514 144.0
62.697311 29.779456 1412414410507 140.0
62.697253 29.779604 1412414412518 132.0
62.69727 29.77967 1412414414515 132.0
62.697293 29.779665 1412414416515 134.0
62.697326 29.779686 1412414418504 145.0
62.697379 29.779743 1412414420513 160.0
62.697385 29.779842 1412414422514 164.0
62.69733 29.779982 1412414424506 158.0
62.697316 29.780042 1412414426512 160.0
62.697317 29.780052 1412414428511 164.0
62.697317 29.78007 1412414430515 168.0
62.697289 29.780139 1412414432532 167.0
62.697262 29.780169 1412414434511 164.0
62.697221 29.780189 1412414436522 166.0
62.697229 29.780185 1412414438503 166.0
62.697189 29.78021 1412414440531 163.0
62.697102 29.780293 1412414442508 157.0
62.697034 29.7804 1412414444514 151.0
62.696974 29.780454 1412414446510 151.0
62.696923 29.780547 1412414448515 146.0
62.696854 29.780684 1412414450518 141.0
62.696829 29.780771 1412414452522 142.0
62.696825 29.780796 1412414454526 147.0
62.696814 29.780853 1412414456531 150.0
62.696816 29.7809 1412414458538 150.0
62.696819 29.780961 1412414460517 151.0
62.696806 29.781066 1412414462522 153.0
62.696765 29.781243 1412414464523 150.0
62.696755 29.781339 1412414466523 149.0
62.696722 29.781523 1412414468518 146.0
62.696738 29.781555 1412414470520 148.0
62.696719 29.78162 1412414472522 145.0
62.696683 29.781698 1412414474512 142.0
62.69669 29.781748 1412414476519 147.0
62.696694 29.78182 1412414478519 147.0
62.696659 29.781984 1412414480516 141.0
62.696645 29.782127 1412414482516 137.0
62.696671 29.782178 1412414484510 141.0
62.696684 29.782272 1412414486517 142.0
62.696679 29.782348 1412414488518 141.0
62.696686 29.782367 1412414490516 140.0
62.696678 29.782457 1412414492515 139.0
62.696661 29.782518 1412414494515 137.0
62.696638 29.782598 1412414496516 137.0
62.696614 29.782675 1412414498516 136.0
62.696598 29.782739 1412414500527 135.0
62.696582 29.7828 1412414502539 135.0
62.696565 29.782854 1412414504513 135.0
62.696546 29.782919 1412414506511 134.0
62.696523 29.782995 1412414508516 136.0
62.696471 29.783069 1412414510509 136.0
62.696419 29.783126 1412414512509 134.0
62.696345 29.783179 1412414514512 129.0
62.696292 29.783263 1412414516512 126.0
62.696252 29.783366 1412414518515 127.0
62.69622 29.783431 1412414520511 127.0
62.696218 29.783434 1412414522511 129.0
62.696253 29.783411 1412414524504 144.0
62.696236 29.783424 1412414526512 141.0
62.69622 29.783448 1412414528538 140.0
62.696208 29.783484 1412414530511 141.0
62.696173 29.783537 1412414532494 140.0
62.696184 29.783553 1412414534504 140.0
62.696173 29.783609 1412414536506 140.0
62.69613 29.783737 1412414538507 139.0
62.696096 29.783836 1412414540506 138.0
62.696069 29.783917 1412414542511 139.0
62.696063 29.783929 1412414544509 139.0
62.696052 29.783966 1412414546502 141.0
62.69605 29.783988 1412414548497 144.0
62.696003 29.784084 1412414550525 143.0
62.695964 29.784158 1412414552500 142.0
62.695917 29.78421 1412414554504 139.0
62.6959 29.784287 1412414556503 141.0
62.695869 29.78434 1412414558506 141.0
62.695859 29.784377 1412414560521 143.0
62.695838 29.784416 1412414562505 141.0
62.695802 29.784499 1412414564507 137.0
62.695756 29.784585 1412414566507 135.0
62.695714 29.784656 1412414568506 136.0
62.695661 29.78476 1412414570506 134.0
62.695639 29.784843 1412414572509 133.0
62.695623 29.784871 1412414574513 133.0
62.695555 29.784985 1412414576499 133.0
62.695555 29.784977 1412414578504 137.0
62.695521 29.785011 1412414580505 142.0
62.695463 29.785076 1412414582506 140.0
62.695376 29.785204 1412414584506 136.0
62.695283 29.785359 1412414586496 131.0
62.695257 29.785431 1412414588499 131.0
62.695197 29.785562 1412414590495 130.0
62.695159 29.785631 1412414592494 130.0
62.695112 29.785689 1412414594502 130.0
62.695081 29.785719 1412414596497 131.0
62.695043 29.785774 1412414598503 132.0
62.695034 29.785778 1412414600503 137.0
62.695002 29.78582 1412414602505 137.0
62.694964 29.785859 1412414604503 137.0
62.694933 29.785896 1412414606501 138.0
62.694895 29.785948 1412414608506 137.0
62.694875 29.785963 1412414610503 138.0
62.69487 29.785984 1412414612485 143.0
62.694802 29.786114 1412414614494 143.0
62.694795 29.786137 1412414616493 147.0
62.694767 29.786142 1412414618493 145.0
62.694736 29.786126 1412414620507 147.0
62.694679 29.786166 1412414622497 142.0
62.694597 29.786248 1412414624491 135.0
62.694554 29.78628 1412414626495 132.0
62.694525 29.786252 1412414628496 133.0
62.69446 29.786287 1412414630498 130.0
62.694399 29.786312 1412414632493 127.0
62.69434 29.786345 1412414634486 122.0
62.694315 29.786367 1412414636483 124.0
62.694276 29.786391 1412414638484 126.0
62.694239 29.786389 1412414640490 131.0
62.694217 29.786411 1412414642487 133.0
62.694202 29.786453 1412414644477 135.0
62.694188 29.78647 1412414646492 136.0
62.694143 29.786499 1412414648484 136.0
62.694117 29.786478 1412414650494 137.0
62.694068 29.786526 1412414652492 137.0
62.694023 29.786644 1412414654489 134.0
62.694001 29.786688 1412414656490 133.0
62.693967 29.786812 1412414658490 134.0
62.693923 29.786947 1412414660486 130.0
62.693889 29.787106 1412414662492 125.0
62.693847 29.787239 1412414664491 124.0
62.693862 29.787224 1412414666489 124.0
62.693881 29.787263 1412414668493 124.0
62.69388 29.787314 1412414670488 125.0
62.693866 29.787404 1412414672490 126.0
62.693811 29.787566 1412414674487 125.0
62.693734 29.787743 1412414676481 123.0
62.693705 29.787882 1412414678489 126.0
62.693683 29.787949 1412414680515 126.0
62.69367 29.788009 1412414682476 129.0
62.693659 29.788124 1412414684491 127.0
62.693672 29.788183 1412414686488 128.0
62.693686 29.788279 1412414688490 128.0
62.693699 29.788344 1412414690488 132.0
62.693705 29.788436 1412414692491 136.0
62.693739 29.788504 1412414694486 138.0
62.693754 29.788599 1412414696491 141.0
62.693753 29.788671 1412414698490 143.0
62.693769 29.788738 1412414700487 144.0
62.693785 29.788781 1412414702487 144.0
62.693801 29.788846 1412414704489 147.0
62.693839 29.78893 1412414706486 153.0
62.693859 29.789019 1412414708487 155.0
62.693889 29.78909 1412414710484 156.0
62.693904 29.789136 1412414712484 157.0
62.693932 29.789205 1412414714484 159.0
62.693951 29.789292 1412414716483 163.0
62.693954 29.78939 1412414718483 163.0
62.693974 29.789506 1412414720482 166.0
62.693989 29.789599 1412414722486 167.0
62.694007 29.789713 1412414724483 165.0
62.694003 29.789842 1412414726472 157.0
62.694013 29.789919 1412414728483 150.0
62.694034 29.789998 1412414730486 147.0
62.694038 29.790105 1412414732486 140.0
62.694092 29.790175 1412414734478 145.0
62.694122 29.790265 1412414736484 145.0
62.694147 29.790321 1412414738483 145.0
62.694164 29.790397 1412414740493 143.0
62.694175 29.790472 1412414742479 137.0
62.694182 29.790555 1412414744484 129.0
62.694219 29.790606 1412414746473 129.0
62.694264 29.790675 1412414748481 132.0
62.694308 29.790772 1412414750481 134.0
62.694334 29.790818 1412414752481 133.0
62.694374 29.790878 1412414754486 134.0
62.694422 29.790948 1412414756478 136.0
62.694466 29.791011 1412414758483 138.0
62.694512 29.791105 1412414760470 140.0
62.694534 29.791181 1412414762472 134.0
62.694569 29.791227 1412414764481 133.0
62.694607 29.791246 1412414766477 132.0
62.69465 29.791286 1412414768468 128.0
62.694699 29.791366 1412414770472 129.0
62.694712 29.791462 1412414772471 125.0
62.694707 29.791547 1412414774466 115.0
62.694702 29.791625 1412414776466 102.0
62.694733 29.79162 1412414778461 98.0
62.69476 29.79162 1412414780464 94.0
62.694781 29.791623 1412414782462 88.0
62.694789 29.791658 1412414784462 84.0
62.6948 29.791706 1412414786462 80.0
62.694842 29.791738 1412414788469 80.0
62.69489 29.791784 1412414790461 84.0
62.694913 29.791827 1412414792468 85.0
62.694932 29.791887 1412414794461 86.0
62.695 29.791941 1412414796471 91.0
62.695024 29.791988 1412414798464 90.0
62.695059 29.792032 1412414800486 89.0
62.69508 29.792083 1412414802472 87.0
62.695103 29.792142 1412414804478 87.0
62.695129 29.792199 1412414806483 88.0
62.695161 29.792287 1412414808493 89.0
62.695174 29.792319 1412414810471 85.0
62.695204 29.792365 1412414812474 87.0
62.695255 29.792414 1412414814480 90.0
62.69528 29.792469 1412414816467 91.0
62.695297 29.792498 1412414818466 95.0
62.695363 29.792572 1412414820477 102.0
62.695399 29.792637 1412414822473 105.0
62.695422 29.792721 1412414824480 105.0
62.695457 29.792821 1412414826465 104.0
62.695466 29.792928 1412414828472 97.0
62.695497 29.793007 1412414830473 100.0
62.695503 29.793102 1412414832469 94.0
62.695528 29.793202 1412414834465 88.0
62.695546 29.793254 1412414836473 82.0
62.695571 29.793297 1412414838465 77.0
62.695587 29.793315 1412414840464 71.0
62.695658 29.793368 1412414842464 74.0
62.696046 29.793429 1412414844472 143.0
62.696177 29.793466 1412414846465 158.0
62.696209 29.793491 1412414848466 155.0
62.696239 29.793521 1412414850462 150.0
62.696266 29.793544 1412414852473 146.0
62.696293 29.79355 1412414854463 143.0
62.696322 29.793572 1412414856462 139.0
62.696354 29.793619 1412414858472 135.0
62.696369 29.793668 1412414860482 133.0
62.696395 29.7937 1412414862466 134.0
62.696421 29.793751 1412414864477 132.0
62.69645 29.793811 1412414866466 129.0
62.696523 29.793906 1412414868467 134.0
62.696581 29.793994 1412414870475 138.0
62.696606 29.794059 1412414872469 136.0
62.696645 29.794133 1412414874467 135.0
62.69668 29.794204 1412414876474 135.0
62.696715 29.794267 1412414878464 136.0
62.696745 29.794326 1412414880467 137.0
62.696774 29.794373 1412414882462 132.0
62.696786 29.794459 1412414884471 130.0
62.69678 29.794507 1412414886451 125.0
62.696795 29.794543 1412414888468 125.0
62.696818 29.794608 1412414890462 126.0
62.696833 29.794675 1412414892463 121.0
62.696846 29.794745 1412414894461 115.0
62.696876 29.794808 1412414896461 113.0
62.696906 29.794875 1412414898464 112.0
62.696932 29.794961 1412414900467 108.0
62.696963 29.795018 1412414902467 103.0
62.696994 29.795091 1412414904470 100.0
62.697021 29.795161 1412414906460 99.0
62.69707 29.795209 1412414908467 103.0
62.697156 29.795298 1412414910459 111.0
62.697277 29.79535 1412414912467 130.0
62.697355 29.795421 1412414914459 138.0
62.697382 29.795509 1412414916456 134.0
62.697403 29.795565 1412414918458 133.0
62.697424 29.795621 1412414920478 135.0
62.697442 29.795678 1412414922473 138.0
62.697471 29.795745 1412414924463 140.0
62.697484 29.795798 1412414926465 144.0
62.697491 29.795881 1412414928470 143.0
62.697488 29.795947 1412414930466 140.0
62.697506 29.796012 1412414932454 141.0
62.697521 29.796105 1412414934466 139.0
62.697538 29.796197 1412414936458 138.0
62.697554 29.796291 1412414938464 135.0
62.697547 29.796419 1412414940470 125.0
62.697538 29.796588 1412414942456 113.0
62.697541 29.796742 1412414944456 103.0
62.697549 29.79682 1412414946464 100.0
62.697562 29.796908 1412414948452 100.0
62.697565 29.79701 1412414950457 98.0
62.697593 29.797111 1412414952463 100.0
62.697632 29.797242 1412414954464 104.0
62.69765 29.797365 1412414956462 103.0
62.697662 29.797453 1412414958455 104.0
62.697664 29.797535 1412414960454 104.0
62.697682 29.797601 1412414962462 106.0
62.697694 29.797707 1412414964462 108.0
62.69768 29.797826 1412414966455 106.0
62.697633 29.797919 1412414968454 98.0
62.697615 29.798016 1412414970450 97.0
62.697579 29.798125 1412414972451 94.0
62.697531 29.798164 1412414974459 87.0
62.697483 29.798209 1412414976458 84.0
62.697437 29.79825 1412414978452 83.0
62.697372 29.798291 1412414980471 78.0
62.697328 29.798284 1412414982452 81.0
62.697292 29.798317 1412414984456 79.0
62.697253 29.798304 1412414986466 78.0
62.697213 29.798299 1412414988455 80.0
62.697254 29.798278 1412414990453 107.0
62.697222 29.798281 1412414992462 109.0
62.697167 29.798275 1412414994459 111.0
62.697132 29.798265 1412414996450 112.0
62.697104 29.798268 1412414998461 115.0
62.697057 29.798265 1412415000455 115.0
62.697013 29.798269 1412415002459 117.0
62.696981 29.798302 1412415004457 117.0
62.696945 29.798318 1412415006449 118.0
62.696873 29.798387 1412415008454 115.0
62.696828 29.798424 1412415010450 115.0
62.696783 29.7985 1412415012458 118.0
62.696761 29.798592 1412415014455 115.0
62.696745 29.79864 1412415016456 117.0
62.696724 29.798708 1412415018460 116.0
62.696723 29.798753 1412415020455 117.0
62.696715 29.798817 1412415022454 117.0
62.696702 29.798887 1412415024456 118.0
62.696696 29.79892 1412415026456 120.0
62.696692 29.798999 1412415028446 122.0
62.696675 29.799077 1412415030461 124.0
62.696639 29.799215 1412415032456 127.0
62.696626 29.79931 1412415034455 128.0
62.696611 29.799362 1412415036453 129.0
62.696602 29.79942 1412415038454 129.0
62.696588 29.799508 1412415040464 130.0
62.696574 29.799592 1412415042456 133.0
62.69654 29.799691 1412415044446 135.0
62.696519 29.799813 1412415046451 134.0
62.696491 29.799928 1412415048452 133.0
62.696469 29.800016 1412415050448 132.0
62.696463 29.800067 1412415052448 132.0
62.696426 29.800194 1412415054448 129.0
62.696426 29.800263 1412415056447 130.0
62.696399 29.800374 1412415058453 137.0
62.69639 29.800436 1412415060447 138.0
62.696361 29.800551 1412415062450 141.0
62.696349 29.800636 1412415064445 142.0
62.696344 29.80068 1412415066445 140.0
62.69633 29.800719 1412415068447 137.0
62.696336 29.800783 1412415070453 140.0
62.696359 29.800798 1412415072451 146.0
62.696376 29.800818 1412415074444 154.0
62.696347 29.800808 1412415076445 156.0
62.696295 29.80081 1412415078448 154.0
62.696249 29.800835 1412415080443 149.0
62.69621 29.800864 1412415082447 145.0
62.696184 29.800839 1412415084447 146.0
62.69615 29.800812 1412415086450 144.0
62.696117 29.80073 1412415088452 144.0
62.696086 29.800765 1412415090447 138.0
62.696073 29.800772 1412415092448 138.0
62.696059 29.800778 1412415094447 136.0
62.696058 29.800766 1412415096448 136.0
62.696048 29.800753 1412415098448 134.0
62.696009 29.800733 1412415100461 131.0
62.695992 29.80069 1412415102448 131.0
62.695968 29.800655 1412415104446 131.0
62.695934 29.800568 1412415106435 133.0
62.695934 29.800497 1412415108452 140.0
62.695905 29.800383 1412415110440 148.0
62.695894 29.800247 1412415112442 154.0
62.695866 29.800206 1412415114447 153.0
62.69585 29.800155 1412415116446 154.0
62.695848 29.80009 1412415118447 154.0
62.695834 29.800032 1412415120440 153.0
62.6958 29.799944 1412415122446 155.0
62.695772 29.79983 1412415124446 156.0
62.695741 29.79973 1412415126443 158.0
62.695733 29.799648 1412415128435 156.0
62.695731 29.799614 1412415130431 155.0
62.695721 29.799573 1412415132437 155.0
62.695678 29.79951 1412415134433 151.0
62.695633 29.799485 1412415136432 145.0
62.695576 29.799449 1412415138443 139.0
62.695523 29.799372 1412415140441 137.0
62.695474 29.79929 1412415143434 136.0
62.695439 29.799238 1412415145433 137.0
62.695385 29.799177 1412415147427 136.0
62.695337 29.799166 1412415149431 132.0
62.695286 29.799157 1412415151435 126.0
62.695202 29.799062 1412415153439 126.0
62.695121 29.799038 1412415155443 127.0
62.695081 29.799041 1412415157447 127.0
62.695047 29.799039 1412415159451 125.0
62.694993 29.799004 1412415161455 121.0
62.694942 29.799002 1412415163434 120.0
62.694926 29.798998 1412415164432 120.0
62.694844 29.798946 1412415166439 117.0
62.694814 29.798946 1412415168442 114.0
62.69477 29.798913 1412415170436 114.0
62.694724 29.79889 1412415172432 113.0
62.694675 29.798877 1412415174441 109.0
62.694646 29.798852 1412415176431 107.0
62.694589 29.798803 1412415178429 107.0
62.694551 29.798739 1412415180440 105.0
62.694511 29.798702 1412415182435 107.0
62.694486 29.798709 1412415184417 105.0
62.694486 29.798692 1412415186440 106.0
62.69449 29.798654 1412415188439 107.0
62.694463 29.798604 1412415190440 109.0
62.694424 29.798554 1412415192442 108.0
62.694383 29.798461 1412415194440 111.0
62.694379 29.798378 1412415196429 114.0
62.694364 29.798286 1412415198430 116.0
62.694357 29.798186 1412415200442 118.0
62.694335 29.798128 1412415202437 118.0
62.694299 29.798048 1412415204434 121.0
62.694278 29.798046 1412415206436 118.0
62.694264 29.797956 1412415208424 118.0
62.694237 29.797859 1412415210434 120.0
62.694188 29.797757 1412415212427 124.0
62.694143 29.797704 1412415214432 126.0
62.694105 29.797626 1412415216419 125.0
62.694078 29.797555 1412415218429 126.0
62.694043 29.797464 1412415220452 127.0
62.69403 29.797382 1412415222440 125.0
62.693988 29.797312 1412415224438 125.0
62.693949 29.797231 1412415226429 123.0
62.693907 29.797149 1412415228424 123.0
62.693884 29.797054 1412415230425 122.0
62.693871 29.796961 1412415232424 119.0
62.69387 29.796839 1412415234424 121.0
62.693838 29.796752 1412415236438 123.0
62.693804 29.796708 1412415238436 120.0
62.693788 29.796671 1412415240423 117.0
62.693779 29.796616 1412415242426 115.0
62.693771 29.796507 1412415244426 114.0
62.693785 29.796385 1412415246428 116.0
62.693787 29.796317 1412415248435 115.0
62.693783 29.796235 1412415250434 114.0
62.693777 29.79605 1412415252437 114.0
62.693768 29.795812 1412415254425 117.0
62.693756 29.795641 1412415256429 123.0
62.693742 29.795504 1412415258421 123.0
62.69373 29.795383 1412415260431 125.0
62.693695 29.795208 1412415262419 129.0
62.693672 29.795089 1412415264420 129.0
62.693634 29.79499 1412415266434 131.0
62.693584 29.794898 1412415268432 132.0
62.693531 29.794801 1412415270421 134.0
62.693483 29.794694 1412415272430 137.0
62.69342 29.794646 1412415274430 137.0
62.693365 29.794526 1412415276417 138.0
62.693316 29.794434 1412415278418 138.0
62.693273 29.794337 1412415280429 137.0
62.693227 29.794274 1412415282421 134.0
62.693175 29.794199 1412415284427 133.0
62.693124 29.794114 1412415286417 130.0
62.693065 29.794008 1412415288417 127.0
62.693025 29.79395 1412415290415 124.0
62.692974 29.793854 1412415292414 122.0
62.692921 29.793843 1412415294415 121.0
62.692875 29.793788 1412415296417 123.0
62.692833 29.793732 1412415298418 125.0
62.692783 29.793613 1412415300425 127.0
62.692739 29.793565 1412415302419 127.0
62.692706 29.793526 1412415304422 125.0
62.692656 29.793434 1412415306421 126.0
62.692622 29.793372 1412415308423 125.0
62.692574 29.793365 1412415310421 125.0
62.692526 29.793322 1412415312422 125.0
62.692462 29.793233 1412415314419 125.0
62.692363 29.793049 1412415317410 125.0
62.692329 29.792986 1412415319409 126.0
62.692301 29.792946 1412415320419 126.0
62.692264 29.792865 1412415322416 125.0
62.692218 29.792781 1412415324414 125.0
62.692184 29.792715 1412415326414 125.0
62.692159 29.792641 1412415328420 127.0
62.69212 29.792553 1412415330416 129.0
62.692126 29.792463 1412415332417 129.0
62.692136 29.792398 1412415334419 129.0
62.692164 29.792339 1412415336417 130.0
62.692152 29.792245 1412415338426 132.0
62.692129 29.792146 1412415340428 134.0
62.692129 29.79214 1412415342415 135.0
62.692144 29.792015 1412415345412 138.0
62.69215 29.791917 1412415347401 137.0
62.692131 29.791879 1412415349401 135.0
62.692117 29.791825 1412415351403 133.0
62.692096 29.791824 1412415353407 130.0
62.692076 29.791791 1412415355408 127.0
62.692051 29.791731 1412415357405 125.0
62.692045 29.791715 1412415359398 123.0
62.692032 29.791646 1412415361399 118.0
62.692023 29.791598 1412415363388 117.0
62.69202 29.791568 1412415365406 116.0
62.692018 29.791544 1412415367395 117.0
62.69201 29.791465 1412415369407 119.0
62.692003 29.791401 1412415371404 119.0
62.692002 29.791355 1412415372434 120.0
62.691976 29.791242 1412415375405 123.0
62.691959 29.791176 1412415377402 125.0
62.691949 29.791155 1412415379401 126.0
62.691929 29.791084 1412415381397 129.0
62.691906 29.791037 1412415383398 130.0
62.691899 29.791024 1412415385405 131.0
62.691905 29.790959 1412415387386 132.0
62.691881 29.790864 1412415389386 129.0
62.69189 29.790787 1412415391402 132.0
62.691901 29.790754 1412415393393 131.0
62.691891 29.790725 1412415394420 129.0
62.691888 29.790632 1412415397398 129.0
62.691907 29.790597 1412415399401 132.0
62.691929 29.790563 1412415401403 134.0
62.691943 29.790532 1412415403405 136.0
62.691974 29.790544 1412415405397 136.0
62.691995 29.790546 1412415407403 136.0
62.69204 29.790509 1412415409396 134.0
62.692072 29.790445 1412415411402 136.0
62.69211 29.790385 1412415413407 137.0
62.692138 29.790336 1412415415384 136.0
62.692158 29.790304 1412415417401 135.0
62.692189 29.790275 1412415419403 136.0
62.692216 29.790216 1412415421406 137.0
62.692252 29.790161 1412415423401 140.0
62.692317 29.790093 1412415425394 145.0
62.692361 29.790027 1412415427391 145.0
62.692439 29.789941 1412415429399 146.0
62.692471 29.789918 1412415431383 145.0
62.692517 29.789875 1412415433393 147.0
62.692548 29.789825 1412415435396 148.0
62.692591 29.78976 1412415437401 149.0
62.692652 29.789677 1412415439387 152.0
62.692704 29.789596 1412415441391 154.0
62.692749 29.789548 1412415443400 154.0
62.692793 29.789514 1412415445398 158.0
62.692818 29.789494 1412415447388 159.0
62.692862 29.78941 1412415449399 159.0
62.692855 29.789365 1412415451400 158.0
62.692873 29.789301 1412415453400 158.0
62.692902 29.789256 1412415455399 161.0
62.692924 29.789278 1412415457391 161.0
62.692915 29.789191 1412415459396 159.0
62.692922 29.789108 1412415461394 159.0
62.692933 29.789021 1412415463391 161.0
62.692959 29.788887 1412415465395 163.0
62.692967 29.788741 1412415467394 162.0
62.692958 29.788694 1412415469394 156.0
62.692959 29.788659 1412415471400 155.0
62.692962 29.788627 1412415473393 155.0
62.692972 29.788582 1412415475398 153.0
62.693026 29.788525 1412415477388 153.0
62.693046 29.788384 1412415479388 152.0
62.693068 29.788309 1412415481390 152.0
62.69308 29.788318 1412415483388 153.0
62.693124 29.788296 1412415485384 155.0
62.693159 29.788268 1412415487386 158.0
62.693187 29.78823 1412415489383 160.0
62.693194 29.788228 1412415491381 164.0
62.693186 29.78821 1412415493383 159.0
62.693191 29.788202 1412415495380 159.0
62.693195 29.788143 1412415497384 156.0
62.6932 29.788068 1412415499388 154.0
62.693165 29.788041 1412415501392 149.0
62.693149 29.787973 1412415503397 142.0
62.693172 29.787942 1412415505400 149.0
62.693135 29.787805 1412415507405 140.0
62.693107 29.787783 1412415509393 138.0
62.693083 29.787809 1412415511390 138.0
62.693058 29.787829 1412415513385 138.0
62.693027 29.787828 1412415515385 137.0
62.693 29.787825 1412415517385 137.0
62.692977 29.787795 1412415519385 135.0
62.692914 29.787718 1412415521387 134.0
62.692895 29.787711 1412415523390 135.0
62.692883 29.787678 1412415525395 135.0
62.692843 29.787657 1412415527374 136.0
62.692814 29.787635 1412415529388 137.0
62.692798 29.787616 1412415531382 136.0
62.692779 29.78759 1412415533382 135.0
62.692757 29.787542 1412415535382 133.0
62.692745 29.787532 1412415537380 132.0
62.692688 29.787426 1412415539384 133.0
62.692649 29.787388 1412415541390 136.0
62.692622 29.787361 1412415543376 136.0
62.692603 29.787361 1412415545392 137.0
62.692561 29.787314 1412415547389 136.0
62.692527 29.78733 1412415549389 137.0
62.692477 29.78734 1412415551380 135.0
62.692444 29.787342 1412415553379 133.0
62.6924 29.787314 1412415555380 129.0
62.692349 29.787329 1412415557376 126.0
62.692285 29.787357 1412415559366 125.0
62.692224 29.787419 1412415561386 123.0
62.692158 29.78747 1412415563385 123.0
62.692097 29.787511 1412415565376 124.0
62.692032 29.787553 1412415567377 124.0
62.691994 29.787525 1412415569383 124.0
62.691944 29.787488 1412415571385 128.0
62.691877 29.787455 1412415573387 131.0
62.691804 29.787467 1412415575373 133.0
62.69172 29.787496 1412415577378 132.0
62.691655 29.787518 1412415579385 130.0
62.691605 29.78755 1412415581385 127.0
62.691573 29.787563 1412415583379 125.0
62.69155 29.787573 1412415585385 125.0
62.691535 29.787575 1412415587387 128.0
62.691515 29.787549 1412415589386 128.0
62.691484 29.787496 1412415591386 128.0
62.691446 29.787436 1412415593377 132.0
62.691423 29.78737 1412415595377 133.0
62.691401 29.787315 1412415597376 135.0
62.6914 29.787256 1412415599377 137.0
62.691408 29.787179 1412415601386 137.0
62.691431 29.787086 1412415603384 141.0
62.69141 29.78701 1412415605376 142.0
62.691403 29.786934 1412415607364 141.0
62.691411 29.786851 1412415609374 142.0
62.691422 29.786769 1412415611381 140.0
62.691454 29.786718 1412415613375 139.0
62.691458 29.786665 1412415615381 138.0
62.691474 29.78666 1412415617383 138.0
62.691485 29.78664 1412415619380 138.0
62.69151 29.786619 1412415621379 141.0
62.691517 29.786591 1412415623360 140.0
62.691527 29.786543 1412415625378 140.0
62.691562 29.786439 1412415627378 141.0
62.691597 29.786332 1412415629381 139.0
62.691635 29.786237 1412415631382 141.0
62.691658 29.78616 1412415633371 144.0
62.691679 29.786094 1412415635379 143.0
62.691696 29.785996 1412415637379 144.0
62.691715 29.785875 1412415639359 145.0
62.691737 29.785777 1412415641380 146.0
62.691743 29.785639 1412415643378 144.0
62.691759 29.785571 1412415645379 146.0
62.691753 29.785526 1412415647370 146.0
62.691758 29.785483 1412415649379 147.0
62.691775 29.785408 1412415651379 148.0
62.691783 29.785345 1412415653379 146.0
62.691795 29.785324 1412415655367 147.0
62.691796 29.78524 1412415657376 151.0
62.691797 29.785173 1412415659372 154.0
62.691787 29.785088 1412415661375 154.0
62.69179 29.785075 1412415663367 155.0
62.691785 29.785037 1412415665375 156.0
62.691776 29.784992 1412415667366 158.0
62.691774 29.784943 1412415669373 160.0
62.691748 29.784927 1412415671376 157.0
62.691727 29.784884 1412415673374 156.0
62.691695 29.784832 1412415675376 154.0
62.691641 29.784775 1412415677374 147.0
62.691595 29.784726 1412415679375 144.0
62.691559 29.784664 1412415681374 142.0
62.691524 29.784667 1412415683376 140.0
62.691504 29.784636 1412415685370 137.0
62.691498 29.784597 1412415687363 136.0
62.691493 29.784611 1412415689366 135.0
62.691486 29.784584 1412415691374 133.0
62.691485 29.78454 1412415693373 134.0
62.691477 29.784477 1412415695373 132.0
62.691461 29.784395 1412415697373 132.0
62.691444 29.784339 1412415699364 132.0
62.691442 29.784316 1412415701376 134.0
62.691436 29.784269 1412415703351 133.0
62.69143 29.784214 1412415705375 131.0
62.691422 29.784153 1412415707372 137.0
62.691412 29.784102 1412415709366 135.0
62.691406 29.783987 1412415711371 139.0
62.691394 29.783907 1412415713372 138.0
62.691395 29.783822 1412415715374 143.0
62.691392 29.783719 1412415717362 142.0
62.691402 29.783609 1412415719371 149.0
62.691403 29.783533 1412415721370 151.0
62.69141 29.783428 1412415723361 151.0
62.691411 29.783333 1412415725372 152.0
62.691405 29.783225 1412415727360 156.0
62.691394 29.783183 1412415729369 153.0
62.691389 29.783122 1412415731359 152.0
62.691366 29.78305 1412415733361 147.0
62.691358 29.782998 1412415735369 140.0
62.691348 29.782932 1412415737371 134.0
62.691337 29.782875 1412415739360 132.0
62.691345 29.782795 1412415741363 135.0
62.691355 29.782743 1412415743370 136.0
62.691361 29.782636 1412415745367 135.0
62.691347 29.782574 1412415747367 131.0
62.691322 29.782471 1412415749358 126.0
62.6913 29.782395 1412415751366 127.0
62.691296 29.782302 1412415753367 132.0
62.691293 29.782179 1412415755366 134.0
62.691271 29.782099 1412415757357 131.0
62.691272 29.782047 1412415759356 135.0
62.69128 29.781998 1412415761366 136.0
62.691294 29.781954 1412415763364 138.0
62.691311 29.781851 1412415765355 142.0
62.691307 29.781806 1412415767361 141.0
62.69129 29.78166 1412415769363 132.0
62.691297 29.781578 1412415771363 133.0
62.691253 29.781386 1412415773365 134.0
62.69125 29.781301 1412415775366 137.0
62.691271 29.781253 1412415777351 138.0
62.691285 29.781188 1412415779362 135.0
62.691285 29.781101 1412415781349 138.0
62.691294 29.781043 1412415783341 135.0
62.691304 29.780973 1412415785359 137.0
62.691304 29.78091 1412415787358 136.0
62.691289 29.78078 1412415789362 134.0
62.691272 29.780704 1412415791346 131.0
62.691251 29.780623 1412415793357 131.0
62.691224 29.780516 1412415795362 130.0
62.691156 29.780407 1412415797351 137.0
62.691139 29.780313 1412415799347 137.0
62.691099 29.780196 1412415801358 139.0
62.691083 29.780108 1412415803350 135.0
62.691072 29.78003 1412415805347 135.0
62.691043 29.779909 1412415807359 137.0
62.691039 29.779842 1412415809359 138.0
62.691028 29.779799 1412415811343 138.0
62.691005 29.77971 1412415813354 139.0
62.690985 29.779629 1412415815336 138.0
62.690952 29.779524 1412415817345 140.0
62.690933 29.779427 1412415819349 139.0
62.690927 29.779372 1412415821354 142.0
62.690911 29.779338 1412415823339 139.0
62.690892 29.779258 1412415826337 134.0
62.690846 29.779042 1412415830343 131.0
62.690815 29.778863 1412415834344 130.0
62.690789 29.778717 1412415838333 130.0
62.690752 29.778624 1412415842344 125.0
62.69068 29.778326 1412415846345 125.0
62.690676 29.778222 1412415850350 121.0
62.690656 29.778089 1412415854358 120.0
62.690618 29.777943 1412415858342 121.0
62.690609 29.777846 1412415861343 120.0
62.690603 29.777801 1412415863353 119.0
62.690602 29.777763 1412415865332 117.0
62.690591 29.777711 1412415867343 116.0
62.690579 29.777632 1412415869346 114.0
62.690561 29.777563 1412415871346 114.0
62.690518 29.777437 1412415873343 115.0
62.690444 29.777258 1412415875344 113.0
62.690362 29.777051 1412415877351 111.0
62.690287 29.776825 1412415879336 112.0
62.690263 29.776774 1412415881342 111.0
62.690177 29.776615 1412415883342 117.0
62.690096 29.776427 1412415885350 118.0
62.690077 29.776374 1412415887341 118.0
62.69007 29.776326 1412415889356 119.0
62.69006 29.776271 1412415891352 119.0
62.690048 29.776198 1412415893349 120.0
62.690015 29.776134 1412415895338 119.0
62.689995 29.776082 1412415897353 118.0
62.689962 29.776003 1412415899340 118.0
62.689951 29.775949 1412415901341 117.0
62.68994 29.775902 1412415903339 115.0
62.689876 29.775734 1412415905348 116.0
62.689866 29.775662 1412415907349 119.0
62.689853 29.775598 1412415909347 121.0
62.689822 29.775478 1412415911337 120.0
62.689742 29.7753 1412415913341 118.0
62.689685 29.775185 1412415915346 117.0
62.689556 29.774957 1412415917350 123.0
62.689508 29.774891 1412415919347 125.0
62.689443 29.774804 1412415921346 127.0
62.689395 29.774748 1412415923346 130.0
62.689364 29.774731 1412415925345 131.0
62.689321 29.774681 1412415927339 130.0
62.689302 29.774679 1412415929350 132.0
62.689289 29.774707 1412415931347 134.0
62.689272 29.774766 1412415933344 134.0
62.689256 29.774812 1412415935338 134.0
62.689235 29.774837 1412415937329 133.0
62.689231 29.774886 1412415939344 135.0
62.689227 29.774941 1412415941332 135.0
62.68923 29.774981 1412415943343 134.0
62.689219 29.775046 1412415945342 133.0
62.689208 29.775102 1412415947343 133.0
62.689197 29.775127 1412415949332 133.0
62.689197 29.775203 1412415951344 131.0
62.689198 29.775243 1412415953342 132.0
62.689197 29.775273 1412415955332 130.0
62.689186 29.775301 1412415957341 129.0
62.689175 29.77538 1412415959327 128.0
62.689184 29.775436 1412415961325 127.0
62.689177 29.775505 1412415963330 128.0
62.689185 29.775553 1412415965332 129.0
62.689184 29.775613 1412415967336 131.0
62.689186 29.775684 1412415969335 132.0
62.689175 29.775794 1412415971339 132.0
62.689195 29.775883 1412415973330 130.0
62.689193 29.776006 1412415975317 128.0
62.689174 29.776124 1412415977326 126.0
62.68915 29.776185 1412415979328 123.0
62.689112 29.77625 1412415981322 123.0
62.68908 29.77634 1412415983327 121.0
62.68908 29.776426 1412415985327 121.0
62.689044 29.776482 1412415987337 120.0
62.689006 29.776591 1412415989324 120.0
62.688974 29.776671 1412415991322 117.0
62.688933 29.776754 1412415993327 116.0
62.688887 29.776866 1412415995327 115.0
62.688852 29.776956 1412415997311 114.0
62.688814 29.777036 1412415999328 114.0
62.688767 29.777104 1412416001326 116.0
62.688731 29.777158 1412416003325 116.0
62.688664 29.777322 1412416005328 119.0
62.688619 29.777376 1412416007314 119.0
62.688572 29.77743 1412416009325 117.0
62.688525 29.777516 1412416011324 116.0
62.68848 29.777598 1412416013324 114.0
62.688438 29.777672 1412416015324 113.0
62.68839 29.777776 1412416017323 116.0
62.688359 29.777805 1412416019326 114.0
62.688324 29.777874 1412416021326 115.0
62.688275 29.777964 1412416023322 116.0
62.688238 29.778013 1412416025323 118.0
62.68819 29.778069 1412416027331 118.0
62.688147 29.778105 1412416029323 117.0
62.68809 29.778148 1412416031318 119.0
62.688044 29.778225 1412416033318 123.0
62.68799 29.778285 1412416035318 129.0
62.687935 29.778347 1412416037316 126.0
62.687882 29.77841 1412416039310 126.0
62.687846 29.778476 1412416041324 125.0
62.687799 29.778524 1412416043320 124.0
62.687757 29.778609 1412416045321 125.0
62.687707 29.778642 1412416047321 126.0
62.687654 29.778692 1412416049317 123.0
62.68761 29.778756 1412416051317 122.0
62.687572 29.778814 1412416053327 122.0
62.687545 29.778869 1412416055326 117.0
62.687525 29.778941 1412416057314 112.0
62.687508 29.778991 1412416059319 110.0
62.6875 29.779048 1412416061318 111.0
62.687469 29.779134 1412416063319 111.0
62.687442 29.779173 1412416065319 110.0
62.687419 29.779227 1412416067314 109.0
62.68741 29.779297 1412416069316 107.0
62.687385 29.77937 1412416071308 107.0
62.687358 29.779534 1412416073318 108.0
62.687349 29.779567 1412416075316 108.0
62.687337 29.779631 1412416077320 110.0
62.687324 29.779694 1412416079309 108.0
62.687313 29.779749 1412416081315 108.0
62.687288 29.779807 1412416083314 111.0
62.687256 29.779831 1412416085316 109.0
62.687227 29.779884 1412416087309 107.0
62.687197 29.779921 1412416089326 106.0
62.687171 29.780002 1412416091302 102.0
62.687146 29.78007 1412416093316 96.0
62.687132 29.78011 1412416095323 94.0
62.687114 29.78018 1412416097315 92.0
62.687099 29.780242 1412416099313 91.0
62.687081 29.780296 1412416101311 90.0
62.687058 29.780355 1412416103302 91.0
62.687021 29.780465 1412416105315 92.0
62.687014 29.78056 1412416107314 90.0
62.687 29.780606 1412416109320 86.0
62.686964 29.78073 1412416111299 86.0
62.68695 29.780795 1412416113338 84.0
62.686926 29.780858 1412416115320 84.0
62.686902 29.780884 1412416117321 84.0
62.686883 29.780927 1412416119309 82.0
62.68686 29.780946 1412416121300 81.0
62.686805 29.78103 1412416123319 83.0
62.686767 29.781103 1412416125316 84.0
62.686743 29.781139 1412416127305 83.0
62.686703 29.781185 1412416129316 83.0
62.686656 29.781262 1412416131297 86.0
62.686609 29.781344 1412416133307 90.0
62.686574 29.781391 1412416135297 90.0
62.68656 29.781411 1412416137297 88.0
62.686533 29.781507 1412416139299 86.0
62.686515 29.781538 1412416141307 85.0
62.68648 29.781602 1412416143305 86.0
62.686456 29.78161 1412416145305 85.0
62.68645 29.781619 1412416147295 85.0
62.686436 29.781662 1412416149305 85.0
62.686408 29.781708 1412416151305 84.0
62.686362 29.781826 1412416153307 86.0
62.686348 29.781844 1412416155315 86.0
62.686314 29.781919 1412416157317 86.0
62.686276 29.781993 1412416159308 88.0
62.686233 29.78204 1412416161309 88.0
62.6862 29.7821 1412416163305 89.0
62.68615 29.782127 1412416165304 90.0
62.686117 29.782137 1412416167295 89.0
62.686084 29.782201 1412416169305 89.0
62.686058 29.782252 1412416171300 88.0
62.686021 29.782333 1412416173311 89.0
62.68599 29.782407 1412416175316 91.0
62.685951 29.782498 1412416177308 99.0
62.68593 29.782543 1412416179311 97.0
62.685895 29.782624 1412416181302 96.0
62.685878 29.782627 1412416183303 93.0
62.685838 29.782622 1412416185342 91.0
62.685799 29.782683 1412416187312 95.0
62.685775 29.78271 1412416189293 96.0
62.685731 29.782853 1412416191305 98.0
62.685676 29.782957 1412416193294 106.0
62.685657 29.782992 1412416195302 106.0
62.685645 29.782993 1412416197301 106.0
62.685618 29.783023 1412416199303 108.0
62.685598 29.783031 1412416201302 110.0
62.68556 29.783062 1412416203305 115.0
62.685538 29.783071 1412416205310 112.0
62.685527 29.783093 1412416207313 110.0
62.685516 29.78308 1412416209316 111.0
62.685508 29.783094 1412416211326 110.0
62.685483 29.783113 1412416213329 108.0
62.685466 29.783134 1412416215297 108.0
62.685456 29.783122 1412416217297 109.0
62.685443 29.783102 1412416219311 114.0
62.685426 29.783083 1412416221312 115.0
62.68542 29.783032 1412416223311 118.0
62.685416 29.783013 1412416225300 119.0
62.685418 29.782985 1412416227309 122.0
62.685426 29.782975 1412416229315 125.0
62.68543 29.782941 1412416231288 128.0
62.685446 29.782907 1412416233309 130.0
62.685488 29.782832 1412416235309 133.0
62.68555 29.782763 1412416237302 135.0
62.685589 29.782655 1412416239310 137.0
62.685607 29.782593 1412416241298 139.0
62.685624 29.782585 1412416243300 140.0
62.685612 29.782581 1412416245308 139.0
62.685603 29.782578 1412416247286 138.0
62.685587 29.782593 1412416249298 138.0
62.685571 29.782601 1412416251295 136.0
62.685565 29.782593 1412416253307 136.0
62.68556 29.782585 1412416255300 135.0
62.685555 29.782568 1412416257305 135.0
62.685545 29.78254 1412416259305 135.0
62.685528 29.782544 1412416261305 134.0
62.685508 29.782533 1412416263304 130.0
62.685489 29.782505 1412416265303 130.0
62.685475 29.782487 1412416267294 128.0
62.685462 29.782454 1412416269293 127.0
62.685457 29.782432 1412416271294 127.0
62.685447 29.782425 1412416273293 128.0
62.685432 29.782424 1412416275291 125.0
62.685414 29.782409 1412416277294 124.0
62.685402 29.782368 1412416279300 122.0
62.685388 29.782338 1412416281290 122.0
62.685363 29.782281 1412416283299 122.0
62.685331 29.782238 1412416285293 121.0
62.68531 29.782223 1412416287293 119.0
62.685283 29.782177 1412416289292 119.0
62.685267 29.782184 1412416291292 119.0
62.685195 29.782088 1412416293292 120.0
62.685162 29.782052 1412416295281 116.0
62.68514 29.782038 1412416297299 114.0
62.685123 29.782034 1412416299300 114.0
62.685108 29.782023 1412416301301 115.0
62.685084 29.781973 1412416303300 119.0
62.685057 29.781951 1412416305299 117.0
62.685016 29.781902 1412416307303 116.0
62.684973 29.781831 1412416309299 118.0
62.684941 29.781782 1412416311297 115.0
62.684909 29.781735 1412416313294 113.0
62.684877 29.781696 1412416315298 113.0
62.684861 29.781629 1412416317299 113.0
62.684829 29.781437 1412416319300 116.0
62.684853 29.781255 1412416321300 118.0
62.68487 29.781032 1412416323294 124.0
62.684885 29.780839 1412416325290 124.0
62.684935 29.780677 1412416327291 125.0
62.684978 29.780457 1412416329291 125.0
62.68503 29.780309 1412416331285 127.0
62.685079 29.780126 1412416333302 129.0
62.685104 29.77989 1412416335296 132.0
62.685135 29.779767 1412416337300 130.0
62.685161 29.779647 1412416339292 133.0
62.685199 29.779504 1412416341295 133.0
62.685227 29.77933 1412416343283 134.0
62.685261 29.779158 1412416345285 135.0
62.685282 29.778966 1412416347284 137.0
62.685312 29.778833 1412416349294 135.0
62.685351 29.778694 1412416351287 133.0
62.685384 29.778553 1412416353281 132.0
62.685431 29.778385 1412416355282 135.0
62.685465 29.778236 1412416357289 137.0
62.685508 29.778047 1412416359283 136.0
62.685546 29.777872 1412416361299 134.0
62.685597 29.777729 1412416363293 134.0
62.685668 29.777576 1412416365287 139.0
62.685733 29.777422 1412416367283 142.0
62.685784 29.777265 1412416369286 144.0
62.685834 29.777178 1412416371293 146.0
62.685863 29.77709 1412416373280 145.0
62.685903 29.777004 1412416375269 144.0
62.685943 29.776895 1412416377290 142.0
62.685983 29.776803 1412416379284 143.0
62.685973 29.776776 1412416381285 141.0
62.685986 29.776732 1412416383282 142.0
62.686008 29.776707 1412416385271 146.0
62.686038 29.77669 1412416387289 148.0
62.686062 29.776666 1412416389291 150.0
62.686069 29.776629 1412416391290 147.0
62.68607 29.776622 1412416393280 146.0
62.68607 29.77661 1412416395282 144.0
62.686073 29.776565 1412416397286 142.0
62.68608 29.776542 1412416399287 144.0
62.686081 29.776511 1412416401287 146.0
62.686082 29.776514 1412416403294 144.0
62.686083 29.7765 1412416405285 144.0
62.686082 29.776476 1412416407273 143.0
62.686082 29.776443 1412416409278 143.0
62.686093 29.77644 1412416411285 141.0
62.686106 29.77643 1412416413288 141.0
62.686103 29.77645 1412416415290 141.0
62.686101 29.776442 1412416417289 141.0
62.686103 29.776421 1412416419273 140.0