06/06/2021-17:01:42.014     -1.615      0.221      0.669
06/06/2021-17:01:44.029     -1.575      0.167      0.694
06/06/2021-17:01:47.016     -1.524      0.084      0.740
06/06/2021-17:01:49.015     -1.488      0.024      0.767
06/06/2021-17:01:51.005     -1.446     -0.038      0.786
06/06/2021-17:01:53.005     -1.411     -0.101      0.800
06/06/2021-17:01:55.007     -1.370     -0.165      0.809
06/06/2021-17:01:57.010     -1.330     -0.230      0.833
06/06/2021-17:01:59.004     -1.295     -0.290      0.847
06/06/2021-17:02:01.016     -1.260     -0.340      0.867
06/06/2021-17:02:03.004     -1.213     -0.395      0.893
06/06/2021-17:02:07.005     -1.156     -0.431      0.888
06/06/2021-17:02:09.004     -1.090     -0.454      0.872
06/06/2021-17:02:11.004     -1.007     -0.454      0.822
06/06/2021-17:02:13.005     -0.938     -0.428      0.807
06/06/2021-17:02:15.004     -0.871     -0.389      0.782
06/06/2021-17:02:22.003     -0.809     -0.348      0.764
06/06/2021-17:02:24.004     -0.749     -0.312      0.743
06/06/2021-17:02:26.004     -0.683     -0.271      0.720
06/06/2021-17:02:28.003     -0.615     -0.229      0.703
06/06/2021-17:02:30.003     -0.544     -0.185      0.679
06/06/2021-17:02:32.005     -0.470     -0.142      0.657
06/06/2021-17:02:34.005     -0.391     -0.099      0.627
06/06/2021-17:02:36.003     -0.321     -0.065      0.641
06/06/2021-17:02:38.003     -0.248     -0.036      0.633
06/06/2021-17:02:40.003     -0.170     -0.008      0.625
06/06/2021-17:02:42.003     -0.093      0.018      0.622
06/06/2021-17:02:44.003     -0.008      0.054      0.586
06/06/2021-17:02:46.003      0.078      0.091      0.582
06/06/2021-17:02:48.005      0.165      0.129      0.582
06/06/2021-17:02:50.003      0.249      0.167      0.592
06/06/2021-17:02:52.003      0.330      0.205      0.621
06/06/2021-17:02:54.003      0.412      0.246      0.624
06/06/2021-17:02:56.003      0.492      0.283      0.654
06/06/2021-17:02:58.003      0.572      0.323      0.662
06/06/2021-17:03:00.006      0.651      0.360      0.649
06/06/2021-17:03:02.004      0.737      0.396      0.657
06/06/2021-17:03:04.005      0.816      0.431      0.620
06/06/2021-17:03:06.004      0.903      0.466      0.638
06/06/2021-17:03:08.003      0.994      0.499      0.609
06/06/2021-17:03:10.003      1.084      0.530      0.600
06/06/2021-17:03:12.003      1.164      0.568      0.584
06/06/2021-17:03:14.003      1.235      0.613      0.562
06/06/2021-17:03:16.005      1.293      0.667      0.580
06/06/2021-17:03:18.004      1.339      0.728      0.577
06/06/2021-17:03:20.003      1.374      0.807      0.567
06/06/2021-17:03:22.003      1.382      0.898      0.537
06/06/2021-17:03:24.003      1.371      0.992      0.546
06/06/2021-17:03:26.003      1.351      1.083      0.528
06/06/2021-17:03:28.004      1.328      1.169      0.511
06/06/2021-17:03:30.003      1.306      1.272      0.500
06/06/2021-17:03:32.004      1.287      1.364      0.458
06/06/2021-17:03:34.004      1.264      1.462      0.466
06/06/2021-17:03:36.003      1.243      1.552      0.450
06/06/2021-17:03:38.004      1.224      1.644      0.456
06/06/2021-17:03:40.003      1.206      1.725      0.448
06/06/2021-17:03:42.004      1.213      1.818      0.432
06/06/2021-17:03:44.017      1.233      1.914      0.390
06/06/2021-17:03:46.539      1.266      2.003      0.353
06/06/2021-17:03:48.538      1.299      2.097      0.326
06/06/2021-17:03:50.537      1.334      2.193      0.326
06/06/2021-17:03:52.538      1.370      2.273      0.329
06/06/2021-17:03:54.537      1.413      2.365      0.343
06/06/2021-17:03:56.537      1.441      2.449      0.324
06/06/2021-17:03:58.537      1.473      2.537      0.316
06/06/2021-17:04:00.539      1.500      2.637      0.221
06/06/2021-17:04:02.539      1.544      2.702      0.276
06/06/2021-17:04:04.538      1.591      2.763      0.200
06/06/2021-17:04:06.537      1.668      2.840      0.175
06/06/2021-17:04:08.538      1.747      2.898      0.152
06/06/2021-17:04:10.543      1.834      2.946      0.153
06/06/2021-17:04:12.538      1.912      2.982      0.171
06/06/2021-17:04:14.539      1.991      3.023      0.163
06/06/2021-17:04:16.538      2.065      3.079      0.164
06/06/2021-17:04:18.537      2.129      3.150      0.155
06/06/2021-17:04:20.538      2.182      3.236      0.119
06/06/2021-17:04:22.538      2.227      3.335      0.088
06/06/2021-17:04:24.538      2.262      3.432      0.073
06/06/2021-17:04:26.537      2.297      3.532      0.088
06/06/2021-17:04:28.538      2.336      3.633      0.068
06/06/2021-17:04:30.539      2.376      3.728      0.047
06/06/2021-17:04:32.538      2.422      3.822      0.054
06/06/2021-17:04:34.538      2.469      3.916      0.036
06/06/2021-17:04:36.539      2.525      4.006      0.024
06/06/2021-17:04:38.538      2.586      4.092      0.026
06/06/2021-17:04:40.539      2.652      4.174     -0.005
06/06/2021-17:04:42.540      2.722      4.248      0.012
06/06/2021-17:04:44.539      2.791      4.324      0.008
06/06/2021-17:04:46.538      2.863      4.399      0.001
06/06/2021-17:04:48.538      2.938      4.474      0.021
06/06/2021-17:04:50.538      3.012      4.546      0.021
06/06/2021-17:04:52.538      3.083      4.620      0.029
06/06/2021-17:04:54.539      3.156      4.696      0.039
06/06/2021-17:04:56.540      3.231      4.769      0.016
06/06/2021-17:04:58.539      3.303      4.839      0.019
06/06/2021-17:05:00.539      3.372      4.904      0.048
06/06/2021-17:05:02.539      3.445      4.967      0.046
06/06/2021-17:05:04.538      3.522      5.025      0.050
06/06/2021-17:05:06.539      3.606      5.082      0.042
06/06/2021-17:05:08.539      3.684      5.135      0.051
06/06/2021-17:05:10.538      3.769      5.184      0.072
06/06/2021-17:05:12.540      3.848      5.235      0.077
06/06/2021-17:05:14.539      3.939      5.296      0.083
06/06/2021-17:05:16.539      4.029      5.354      0.085
06/06/2021-17:05:19.539      4.120      5.418      0.083
06/06/2021-17:05:21.538      4.205      5.476      0.089
06/06/2021-17:05:23.539      4.289      5.527      0.101
06/06/2021-17:05:25.538      4.368      5.579      0.108
06/06/2021-17:05:27.540      4.442      5.627      0.128
06/06/2021-17:05:29.539      4.531      5.670      0.121
06/06/2021-17:05:31.539      4.623      5.705      0.131
06/06/2021-17:05:33.538      4.717      5.735      0.118
06/06/2021-17:05:35.539      4.818      5.760      0.112
06/06/2021-17:05:37.539      4.914      5.773      0.120
06/06/2021-17:05:39.541      5.011      5.787      0.153
06/06/2021-17:05:41.541      5.110      5.802      0.159
06/06/2021-17:05:43.539      5.205      5.818      0.155
06/06/2021-17:05:45.538      5.305      5.829      0.143
06/06/2021-17:05:47.539      5.408      5.835      0.115
06/06/2021-17:05:49.538      5.511      5.832      0.156
06/06/2021-17:05:51.538      5.615      5.824      0.176
06/06/2021-17:05:53.539      5.771      5.794      0.194
06/06/2021-17:05:56.541      5.849      5.765      0.196
06/06/2021-17:05:58.540      5.937      5.720      0.206
06/06/2021-17:06:00.538      6.012      5.660      0.192
06/06/2021-17:06:02.538      6.093      5.591      0.182
06/06/2021-17:06:04.538      6.170      5.520      0.192
06/06/2021-17:06:06.538      6.247      5.449      0.176
06/06/2021-17:06:08.539      6.321      5.384      0.163
06/06/2021-17:06:10.540      6.398      5.316      0.180
06/06/2021-17:06:12.540      6.473      5.246      0.203
06/06/2021-17:06:14.539      6.547      5.172      0.210
06/06/2021-17:06:16.539      6.620      5.099      0.226
06/06/2021-17:06:18.540      6.693      5.030      0.226
06/06/2021-17:06:23.539      6.790      4.935      0.240
06/06/2021-17:06:25.540      6.855      4.867      0.262
06/06/2021-17:06:27.540      6.924      4.803      0.258
06/06/2021-17:06:29.539      6.998      4.734      0.273
06/06/2021-17:06:31.539      7.072      4.669      0.283
06/06/2021-17:06:33.539      7.142      4.597      0.279
06/06/2021-17:06:35.539      7.202      4.521      0.302
06/06/2021-17:06:37.539      7.249      4.450      0.323
06/06/2021-17:06:39.541      7.296      4.345      0.314
06/06/2021-17:06:41.540      7.320      4.256      0.323
06/06/2021-17:06:43.539      7.351      4.155      0.342
06/06/2021-17:06:45.539      7.383      4.056      0.352
06/06/2021-17:06:47.540      7.405      3.966      0.385
06/06/2021-17:06:49.540      7.434      3.879      0.274
06/06/2021-17:06:51.539      7.478      3.769      0.370
06/06/2021-17:06:53.541      7.493      3.683      0.354
06/06/2021-17:06:55.541      7.524      3.589      0.338
06/06/2021-17:06:57.540      7.550      3.505      0.260
06/06/2021-17:06:59.539      7.595      3.395      0.336
06/06/2021-17:07:01.540      7.649      3.288      0.365
06/06/2021-17:07:03.540      7.695      3.210      0.344
06/06/2021-17:07:05.539      7.762      3.133      0.340
06/06/2021-17:07:07.539      7.836      3.061      0.338
06/06/2021-17:07:09.540      7.909      2.990      0.335
06/06/2021-17:07:11.540      7.976      2.913      0.336
06/06/2021-17:07:13.539      8.034      2.826      0.333
06/06/2021-17:07:15.539      8.068      2.735      0.342
06/06/2021-17:07:17.539      8.087      2.636      0.347
06/06/2021-17:07:19.539      8.091      2.534      0.347
06/06/2021-17:07:21.539      8.089      2.431      0.346
06/06/2021-17:07:24.541      8.076      2.334      0.339
06/06/2021-17:07:26.539      8.061      2.232      0.360
06/06/2021-17:07:28.540      8.038      2.139      0.362
06/06/2021-17:07:30.539      8.000      2.052      0.360
06/06/2021-17:07:32.540      7.947      1.970      0.368
06/06/2021-17:07:34.539      7.880      1.905      0.313
06/06/2021-17:07:36.542      7.799      1.855      0.303
06/06/2021-17:07:38.541      7.703      1.813      0.329
06/06/2021-17:07:40.540      7.605      1.790      0.335
06/06/2021-17:07:42.540      7.504      1.784      0.318
06/06/2021-17:07:44.539      7.401      1.799      0.328
06/06/2021-17:07:46.539      7.299      1.828      0.346
06/06/2021-17:07:48.540      7.201      1.881      0.325
06/06/2021-17:07:50.539      7.126      1.959      0.254
06/06/2021-17:07:52.541      7.048      2.040      0.238
06/06/2021-17:07:54.541      6.968      2.122      0.248
06/06/2021-17:07:56.540      6.886      2.200      0.220
06/06/2021-17:07:58.539      6.814      2.280      0.174
06/06/2021-17:08:00.539      6.749      2.366      0.189
06/06/2021-17:08:02.540      6.673      2.439      0.157
06/06/2021-17:08:04.540      6.605      2.516      0.128
06/06/2021-17:08:07.541      6.530      2.613      0.138
06/06/2021-17:08:09.540      6.462      2.697      0.108
06/06/2021-17:08:11.540      6.394      2.781      0.096
06/06/2021-17:08:13.540      6.325      2.868      0.080
06/06/2021-17:08:15.540      6.258      2.952      0.032
06/06/2021-17:08:17.540      6.191      3.045     -0.009
06/06/2021-17:08:19.540      6.129      3.144      0.006
06/06/2021-17:08:21.541      6.075      3.237      0.023
06/06/2021-17:08:23.540      6.018      3.332     -0.010
06/06/2021-17:08:25.540      5.944      3.427     -0.090
06/06/2021-17:08:27.540      5.873      3.484     -0.093
06/06/2021-17:08:29.540      5.794      3.564     -0.099
06/06/2021-17:08:31.541      5.723      3.632     -0.104
06/06/2021-17:08:33.542      5.657      3.673     -0.086
06/06/2021-17:08:35.541      5.565      3.708     -0.076
06/06/2021-17:08:37.540      5.465      3.715     -0.116
06/06/2021-17:08:39.540      5.371      3.699     -0.144
06/06/2021-17:08:41.540      5.273      3.666     -0.125
06/06/2021-17:08:43.540      5.176      3.627     -0.139
06/06/2021-17:08:45.540      5.086      3.583     -0.155
06/06/2021-17:08:47.542      4.990      3.530     -0.135
06/06/2021-17:08:49.542      4.894      3.476     -0.099
06/06/2021-17:08:51.541      4.793      3.427     -0.143
06/06/2021-17:08:53.541      4.689      3.392     -0.153
06/06/2021-17:08:55.540      4.588      3.350     -0.148
06/06/2021-17:08:57.540      4.488      3.310     -0.153
06/06/2021-17:08:59.540      4.390      3.271     -0.173
06/06/2021-17:09:01.540      4.293      3.226     -0.162
06/06/2021-17:09:03.542      4.196      3.179     -0.161
06/06/2021-17:09:05.541      4.100      3.143     -0.165
06/06/2021-17:09:07.540      4.010      3.114     -0.124
06/06/2021-17:09:09.541      3.913      3.050     -0.174
06/06/2021-17:09:11.540      3.827      3.018     -0.171
06/06/2021-17:09:13.540      3.729      2.999     -0.163
06/06/2021-17:09:15.541      3.630      2.996     -0.186
06/06/2021-17:09:17.542      3.525      2.992     -0.169
06/06/2021-17:09:19.542      3.411      2.990     -0.198
06/06/2021-17:09:21.540      3.324      2.985     -0.244
06/06/2021-17:09:23.541      3.209      2.989     -0.232
06/06/2021-17:09:25.540      3.099      2.989     -0.228
06/06/2021-17:09:27.540      2.989      2.989     -0.226
06/06/2021-17:09:29.540      2.882      2.991     -0.228
06/06/2021-17:09:31.540      2.779      2.993     -0.246
06/06/2021-17:09:33.542      2.673      2.992     -0.279
06/06/2021-17:09:35.541      2.550      2.995     -0.310
06/06/2021-17:09:38.540      2.411      2.994     -0.314
06/06/2021-17:09:40.540      2.310      2.997     -0.286
06/06/2021-17:09:42.540      2.205      2.998     -0.277
06/06/2021-17:09:44.540      2.098      2.998     -0.285
06/06/2021-17:09:46.540      1.993      3.006     -0.298
06/06/2021-17:09:48.541      1.886      3.028     -0.314
06/06/2021-17:09:50.540      1.790      3.062     -0.312
06/06/2021-17:09:52.541      1.699      3.109     -0.343
06/06/2021-17:09:54.541      1.606      3.146     -0.358
06/06/2021-17:09:56.541      1.512      3.172     -0.356
06/06/2021-17:09:58.541      1.420      3.195     -0.345
06/06/2021-17:10:00.544      1.322      3.193     -0.347
06/06/2021-17:10:02.543      1.220      3.161     -0.346
06/06/2021-17:10:04.541      1.127      3.117     -0.333
06/06/2021-17:10:06.541      1.042      3.062     -0.309
06/06/2021-17:10:08.541      0.953      3.012     -0.310
06/06/2021-17:10:10.542      0.862      2.969     -0.320
06/06/2021-17:10:12.541      0.774      2.925     -0.315
06/06/2021-17:10:14.541      0.690      2.894     -0.315
06/06/2021-17:10:16.542      0.562      2.850     -0.303
06/06/2021-17:10:22.541      0.519      2.835     -0.301
06/06/2021-17:10:24.541      0.451      2.809     -0.296
06/06/2021-17:10:26.541      0.372      2.772     -0.279
06/06/2021-17:10:28.541      0.311      2.738     -0.303
06/06/2021-17:10:30.543      0.268      2.665     -0.316
06/06/2021-17:10:32.542      0.248      2.592     -0.333
06/06/2021-17:10:34.542      0.229      2.512     -0.311
06/06/2021-17:10:36.541      0.210      2.434     -0.313
06/06/2021-17:10:38.542      0.198      2.352     -0.295
06/06/2021-17:10:40.541      0.180      2.264     -0.284
06/06/2021-17:10:42.541      0.149      2.207     -0.271
06/06/2021-17:10:44.543      0.118      2.168     -0.258
06/06/2021-17:10:46.542      0.078      2.123     -0.216
06/06/2021-17:10:48.541      0.056      2.097     -0.228
06/06/2021-17:10:50.541      0.013      2.028     -0.240
06/06/2021-17:10:52.541     -0.044      1.951     -0.258
06/06/2021-17:10:54.541     -0.105      1.902     -0.231
06/06/2021-17:10:56.541     -0.184      1.862     -0.203
06/06/2021-17:10:58.541     -0.265      1.815     -0.194
06/06/2021-17:11:00.544     -0.342      1.763     -0.146
06/06/2021-17:11:02.542     -0.420      1.703     -0.150
06/06/2021-17:11:04.541     -0.469      1.666     -0.162
06/06/2021-17:11:06.542     -0.493      1.643     -0.162
06/06/2021-17:11:08.541     -0.548      1.587     -0.107
06/06/2021-17:11:10.542     -0.569      1.542     -0.113
06/06/2021-17:11:12.544     -0.578      1.489     -0.102
06/06/2021-17:11:14.543     -0.579      1.440     -0.096
06/06/2021-17:11:16.542     -0.576      1.408     -0.103
06/06/2021-17:11:18.541     -0.578      1.390     -0.107
06/06/2021-17:11:20.542     -0.591      1.348     -0.091
06/06/2021-17:11:22.541     -0.618      1.306     -0.106
06/06/2021-17:11:24.542     -0.646      1.261     -0.111
06/06/2021-17:11:26.541     -0.676      1.223     -0.117
06/06/2021-17:11:28.543     -0.712      1.186     -0.136
06/06/2021-17:11:30.542     -0.756      1.154     -0.124
06/06/2021-17:11:32.541     -0.803      1.126     -0.134
06/06/2021-17:11:39.541     -0.828      1.105     -0.120
06/06/2021-17:11:41.545     -0.838      1.069     -0.131
06/06/2021-17:11:43.543     -0.842      1.046     -0.119
06/06/2021-17:11:45.542     -0.853      1.031     -0.120
06/06/2021-17:11:47.541     -0.886      1.000     -0.103
06/06/2021-17:11:49.542     -0.921      0.972     -0.098
06/06/2021-17:11:51.542     -0.952      0.939     -0.122
06/06/2021-17:11:53.542     -0.965      0.902     -0.114
