id,timestamp,xraw,yraw,xmap_matched,ymap_matched,link_id,node_id
1,2015-10-12 17:48:58,414200.186452707,3985503.63318631,414198.6982641212,3985505.282160621,2801,-1
2,2015-10-12 17:48:59,414217.206955811,3985520.88152833,414216.6575466956,3985521.490296282,2801,-1
3,2015-10-12 17:49:00,414235.567196187,3985536.89676859,414234.74186186545,3985537.811273047,2801,-1
4,2015-10-12 17:49:01,414253.574477629,3985553.69190337,414253.01955915615,3985554.3067759173,2801,-1
5,2015-10-12 17:49:02,414271.394993017,3985569.82338534,414270.8642386591,3985570.4114830517,2801,-1
6,2015-10-12 17:49:03,414289.038456799,3985586.28937691,414288.77772031625,3985586.578283683,2801,-1
7,2015-10-12 17:49:04,414307.946647188,3985603.07585525,414307.5476189137,3985603.5179950297,2801,-1
8,2015-10-12 17:49:05,414328.008955019,3985618.07647044,414326.06531921064,3985620.2300990517,2801,-1
9,2015-10-12 17:49:06,414347.457667614,3985634.85777512,414345.61623444664,3985637.0837364756,2801,-1
10,2015-10-12 17:49:07,414366.82158457,3985652.19453297,414365.6274267181,3985653.6380549385,2801,-1
11,2015-10-12 17:49:08,414386.094237046,3985669.42130107,414385.5304145788,3985670.1028609797,2801,-1
12,2015-10-12 17:49:09,414406.527474334,3985685.52766021,414405.57216428063,3985686.6824581684,2801,-1
13,2015-10-12 17:49:10,414427.409033022,3985701.40787603,414425.76901479455,3985703.3903629654,2801,-1
14,2015-10-12 17:49:11,414447.938690871,3985718.17889673,414446.1944524348,3985720.2873671446,2801,-1
15,2015-10-12 17:49:12,414469.19345512,3985735.38659484,414467.7464345888,3985737.290692489,2801,-1
16,2015-10-12 17:49:13,414489.724029824,3985752.26861822,414488.89353353303,3985753.3614472444,2801,-1
17,2015-10-12 17:49:14,414510.970020644,3985768.58915882,414510.22365131264,3985769.5712873098,2801,-1
18,2015-10-12 17:49:15,414531.946680174,3985785.02327911,414531.4377542662,3985785.6929618157,2801,-1
19,2015-10-12 17:49:16,414553.280470705,3985801.12123178,414552.71630002436,3985801.8636096823,2801,-1
20,2015-10-12 17:49:17,414574.710743467,3985817.88380396,414574.37617747363,3985818.3240508726,2801,-1
21,2015-10-12 17:49:18,414596.677286622,3985834.19755849,414596.6017559164,3985834.304282409,2801,-1
22,2015-10-12 17:49:19,414618.187830947,3985849.96119762,414618.3670198808,3985849.7080059526,2801,-1
23,2015-10-12 17:49:20,414639.783033574,3985865.16948009,414639.9268167899,3985864.9663162488,2801,-1
24,2015-10-12 17:49:21,414661.385680553,3985881.15416409,414661.8576786545,3985880.487236821,2801,-1
25,2015-10-12 17:49:22,414682.530190162,3985896.36691354,414683.11929374305,3985895.534517729,2801,-1
26,2015-10-12 17:49:23,414703.575928446,3985910.69332875,414703.8971567036,3985910.2394373384,2801,-1
27,2015-10-12 17:49:24,414724.708484997,3985924.68620012,414724.89909393847,3985924.394432253,2801,-1
28,2015-10-12 17:49:25,414744.841203681,3985937.8014561,414745.0147605836,3985937.535790036,2801,-1
29,2015-10-12 17:49:26,414765.161587385,3985951.6913634,414765.61665014643,3985950.9947922416,2801,-1
30,2015-10-12 17:49:27,414784.758901839,3985965.3664749,414785.6134088289,3985964.058468677,2801,-1
31,2015-10-12 17:49:28,414804.704786772,3985977.81816629,414805.2942989624,3985976.915791444,2801,-1
32,2015-10-12 17:49:29,414824.47361694,3985990.60436563,414825.00425848056,3985989.7921049404,2801,-1
33,2015-10-12 17:49:30,414843.609496137,3986003.17489104,414844.43416445196,3986001.778219292,2801,-1
34,2015-10-12 17:49:31,414864.011102933,3986016.17689541,414865.2542458423,3986014.071488243,2801,-1
35,2015-10-12 17:49:32,414884.587504807,3986028.62266998,414885.96041035315,3986026.297494689,2801,-1
36,2015-10-12 17:49:33,414904.701531354,3986039.85286579,414905.7915289227,3986038.0068280776,2801,-1
37,2015-10-12 17:49:34,414925.455889705,3986052.07517977,414926.5318121119,3986050.2529799817,2801,-1
38,2015-10-12 17:49:35,414946.19948255,3986063.18847136,414946.77856594586,3986062.207726248,2801,-1
39,2015-10-12 17:49:36,414966.495702217,3986074.63888076,414966.8411919141,3986074.0537537574,2801,-1
40,2015-10-12 17:49:37,414987.513787278,3986086.19328759,414987.87085506454,3986085.528276888,2801,-1
41,2015-10-12 17:49:38,415009.071382191,3986097.63162134,415009.3714755103,3986097.0727211074,2801,-1
42,2015-10-12 17:49:39,415030.80806211,3986108.95736208,415030.9641784432,3986108.6666076737,2801,-1
43,2015-10-12 17:49:40,415052.550031892,3986120.83769109,415052.792127845,3986120.3868063963,2801,-1
44,2015-10-12 17:49:41,415074.022694213,3986132.83158592,415074.4583680072,3986132.0201777043,2801,-1
45,2015-10-12 17:49:42,415095.843961755,3986143.60208126,415095.8853150215,3986143.5250640498,2801,-1
46,2015-10-12 17:49:43,415117.310096068,3986154.93063793,415117.532468558,3986154.484113971,2801,-1
47,2015-10-12 17:49:44,415139.675090076,3986166.02875288,415139.8815686462,3986165.6141439117,2801,-1
48,2015-10-12 17:49:45,415161.586296722,3986176.79854126,415161.7360447712,3986176.4978471776,2801,-1
49,2015-10-12 17:49:46,415183.864275168,3986188.23035596,415184.1485814102,3986187.6594690266,2801,-1
50,2015-10-12 17:49:47,415207.311423431,3986199.42913809,415207.42383365723,3986199.2024713424,2801,-1
51,2015-10-12 17:49:48,415230.119239854,3986209.74679449,415229.8362587208,3986210.3174046134,2801,-1
52,2015-10-12 17:49:49,415253.289553977,3986220.28285636,415253.09381833335,3986220.7246065233,2801,-1
53,2015-10-12 17:49:50,415277.364056698,3986231.14303443,415277.2397946127,3986231.4234779687,2801,-1
54,2015-10-12 17:49:51,415301.616574883,3986241.77973095,415301.45180012035,3986242.1516063884,2801,-1
55,2015-10-12 17:49:52,415326.04710967,3986252.19294741,415325.8157257991,3986252.7398861097,2801,-1
56,2015-10-12 17:49:53,415349.75781692,3986262.72406426,415349.70593451924,3986262.8467024225,2801,-1
57,2015-10-12 17:49:54,415374.012286798,3986273.58277219,415374.17491017136,3986273.1983676245,2801,-1
58,2015-10-12 17:49:55,415398.353604124,3986284.10795977,415398.62346772186,3986283.4461879674,2801,-1
59,2015-10-12 17:49:56,415422.417096668,3986293.85945974,415422.66551303933,3986293.250281803,2801,-1
60,2015-10-12 17:49:57,415446.214480841,3986304.05724742,415446.6354349907,3986303.0249644867,2801,-1
61,2015-10-12 17:49:58,415469.737240655,3986313.81406426,415470.2157053535,3986312.6407513404,2801,-1
62,2015-10-12 17:49:59,415493.710464735,3986323.56662172,415494.18072261196,3986322.4134339415,2801,-1
63,2015-10-12 17:50:00,415517.143013313,3986333.32442828,415517.6839902886,3986331.997819908,2801,-1
64,2015-10-12 17:50:01,415540.385732108,3986342.08586087,415540.67611625325,3986341.373767647,2801,-1
65,2015-10-12 17:50:02,415563.626277139,3986350.62554018,415563.86380389816,3986349.9084621337,2801,-1
66,2015-10-12 17:50:03,415586.319780085,3986358.50501829,415586.53497275966,3986357.896938864,2801,-1
67,2015-10-12 17:50:04,415608.93269975,3986367.38358092,415609.4215362154,3986365.9659997053,2801,-1
68,2015-10-12 17:50:05,415630.822623988,3986376.04729034,415631.65516134514,3986373.633007852,2801,-1
69,2015-10-12 17:50:06,415652.53335989,3986384.8236861,415653.7468472399,3986381.4380986732,2801,-1
70,2015-10-12 17:50:07,415674.85353877,3986391.37595682,415675.6071427774,3986389.2734278957,2801,-1
71,2015-10-12 17:50:08,415697.448236593,3986398.36932516,415697.9712415614,3986396.690767556,2801,-1
72,2015-10-12 17:50:09,415720.224163449,3986405.47193409,415720.7488968254,3986403.787829249,2801,-1
73,2015-10-12 17:50:10,415743.000052031,3986412.57460152,415743.5265338167,3986410.884885249,2801,-1
74,2015-10-12 17:50:11,415766.495662201,3986419.5595281,415766.9267640481,3986418.175928847,2801,-1
75,2015-10-12 17:50:12,415790.353763642,3986426.76288584,415790.71944444656,3986425.589252066,2801,-1
76,2015-10-12 17:50:13,415814.566934593,3986433.40832846,415814.70117890957,3986432.960685338,2801,-1
77,2015-10-12 17:50:14,415837.969146377,3986440.06158448,415838.0029992934,3986439.9487005565,2801,-1
78,2015-10-12 17:50:15,415861.642687162,3986446.82322764,415861.5835825522,3986447.02031436,2801,-1
79,2015-10-12 17:50:16,415886.48645915,3986453.46284291,415886.2042610945,3986454.40384378,2801,-1
80,2015-10-12 17:50:17,415911.967258333,3986460.76194964,415911.59085973556,3986462.0170660405,2801,-1
81,2015-10-12 17:50:18,415936.817299249,3986468.0671482,415936.40042261773,3986469.457240247,2801,-1
82,2015-10-12 17:50:19,415962.559852371,3986474.47656489,415961.78238204535,3986477.0690712477,2801,-1
83,2015-10-12 17:50:20,415988.852496295,3986481.87906401,415987.9422849195,3986484.9142007865,2801,-1
84,2015-10-12 17:50:21,416014.776228025,3986488.39782101,416013.5205577564,3986492.5849044872,2801,-1
85,2015-10-12 17:50:22,416040.986079802,3986496.57768297,416039.81838839164,3986500.4713973734,2801,-1
86,2015-10-12 17:50:23,416067.823422086,3986504.41889212,416066.59875378513,3986508.5025982773,2801,-1
87,2015-10-12 17:50:24,416094.475229609,3986511.70736386,416093.05681005056,3986516.43714145,2801,-1
88,2015-10-12 17:50:25,416121.223428429,3986519.66049994,416119.7861838255,3986524.453050407,2801,-1
89,2015-10-12 17:50:26,416148.338316312,3986528.27572824,416147.0341618272,3986532.6244843043,2801,-1
90,2015-10-12 17:50:27,416175.534807566,3986536.00292604,416174.11267160065,3986540.7450961396,2801,-1
91,2015-10-12 17:50:28,416202.471495305,3986544.84184862,416201.2587020806,3986548.885956853,2801,-1
92,2015-10-12 17:50:29,416229.856522943,3986553.45475495,416228.3535264136,3986557.834323209,2801,-1
93,2015-10-12 17:50:30,416256.437966193,3986562.85180364,416255.01931838464,3986566.9855889087,2801,-1
94,2015-10-12 17:50:31,416283.918251517,3986572.01855535,416282.41853868536,3986576.388555271,2801,-1
95,2015-10-12 17:50:32,416311.222490434,3986581.63073212,416309.79701798153,3986585.7844036585,2801,-1
96,2015-10-12 17:50:33,416337.543986693,3986592.13966159,416336.27601503633,3986595.1595054306,2801,-1
97,2015-10-12 17:50:34,416364.583063729,3986602.30910455,416362.8925628292,3986606.3352582124,2801,-1
98,2015-10-12 17:50:35,416391.440822751,3986612.36943313,416389.3160194734,3986617.429935907,2801,-1
99,2015-10-12 17:50:36,416418.664181213,3986622.98095839,416416.2470305554,3986628.7377254963,2801,-1
100,2015-10-12 17:50:37,416444.36523609,3986634.60525837,416442.2454048174,3986639.653919653,2801,-1
101,2015-10-12 17:50:38,416470.60471862,3986646.00269248,416468.62052954716,3986650.728303749,2801,-1
102,2015-10-12 17:50:39,416496.752980134,3986657.29015109,416494.8788493636,3986661.753643813,2801,-1
103,2015-10-12 17:50:40,416523.174625315,3986668.9078461,416521.2999948141,3986673.111138991,2801,-1
104,2015-10-12 17:50:41,416548.877502562,3986680.75426195,416547.14540882147,3986684.637959192,2801,-1
105,2015-10-12 17:50:42,416574.844305668,3986691.93275023,416572.96249389887,3986696.152144947,2801,-1
106,2015-10-12 17:50:43,416600.372093997,3986704.33555633,416598.606349308,3986708.0739428857,2801,-1
107,2015-10-12 17:50:44,416625.095213139,3986717.4115525,416623.8695626937,3986720.0064662355,2801,-1
108,2015-10-12 17:50:45,416649.99215937,3986729.82047026,416648.43030546047,3986732.811035758,2801,-1
109,2015-10-12 17:50:46,416674.802082172,3986742.56303084,416673.08516288054,3986745.6897393935,2801,-1
110,2015-10-12 17:50:47,416699.977571332,3986755.85678737,416698.03685269796,3986759.391060404,2801,-1
111,2015-10-12 17:50:48,416725.062884252,3986769.15146676,416722.9196468684,3986773.054549854,2801,-1
112,2015-10-12 17:50:49,416750.335654364,3986783.22086263,416748.177854098,3986787.0607654103,2801,-1
113,2015-10-12 17:50:50,416775.704727847,3986797.95492079,416772.9278910126,3986802.4182344605,2801,-1
114,2015-10-12 17:50:51,416800.888280804,3986812.13621812,416798.01447724056,3986817.2229674584,2801,-1
115,2015-10-12 17:50:52,416825.35620206,3986826.87892738,416822.5964871927,3986831.4368237336,3269,-1
116,2015-10-12 17:50:53,416849.829274796,3986842.17623863,416847.28194056865,3986846.3833708684,3269,-1
117,2015-10-12 17:50:54,416875.020950869,3986857.24500104,416872.3919651873,3986861.586987379,3269,-1
118,2015-10-12 17:50:56,416923.980262165,3986889.28175362,416921.58332102746,3986892.9587729475,3269,-1
119,2015-10-12 17:50:57,416948.913929237,3986905.6841575,416946.5850954548,3986909.2566969725,3269,-1
120,2015-10-12 17:50:58,416973.755314407,3986921.86566622,416971.42105395615,3986925.446530455,3269,-1
121,2015-10-12 17:50:59,416998.065430992,3986939.05050078,416996.01175369375,3986941.8911677827,3269,-1
122,2015-10-12 17:51:00,417021.922878227,3986956.01783117,417019.73599461716,3986959.042750477,3269,-1
123,2015-10-12 17:51:01,417047.140037826,3986973.8597536,417044.7684703895,3986977.1401294246,3269,-1
124,2015-10-12 17:51:02,417071.004603717,3986991.60356379,417068.7660385649,3986994.5057512377,3269,-1
125,2015-10-12 17:51:03,417095.05448458,3987009.90027654,417092.6931528604,3987012.961624685,3269,-1
126,2015-10-12 17:51:04,417119.193317258,3987028.08529915,417116.621899617,3987031.4189694305,3269,-1
127,2015-10-12 17:51:05,417142.885743408,3987046.71825241,417140.48739243025,3987049.8275533845,3269,-1
128,2015-10-12 17:51:06,417166.765560968,3987066.12592271,417164.04864905745,3987069.2750895694,3269,-1
129,2015-10-12 17:51:07,417190.457782944,3987084.75900181,417186.9763250431,3987088.842487574,3269,-1
130,2015-10-12 17:51:08,417213.712979196,3987104.83816849,417210.3487600473,3987108.777442809,3304,-1
131,2015-10-12 17:51:09,417235.791622991,3987124.37386603,417232.7632603859,3987127.9198749284,3304,-1
132,2015-10-12 17:51:10,417258.413863173,3987144.23726077,417255.4845529934,3987147.5895929127,3304,-1
133,2015-10-12 17:51:11,417280.855811807,3987164.10240485,417278.0528929456,3987167.310093492,3304,-1
134,2015-10-12 17:51:12,417302.846145602,3987183.86092761,417300.1368705508,3987186.813032537,3304,-1
135,2015-10-12 17:51:13,417324.748368419,3987203.84216396,417321.97961967625,3987206.8590731514,3304,-1
136,2015-10-12 17:51:14,417346.472385282,3987224.04695872,417343.83700485766,3987226.9185459106,3304,-1
137,2015-10-12 17:51:15,417367.841129855,3987244.80972205,417364.969523751,3987247.722241195,3304,-1
138,2015-10-12 17:51:16,417389.660241516,3987265.5683111,417386.41166167305,3987268.863174895,3304,-1
139,2015-10-12 17:51:17,417411.300103605,3987286.43954983,417407.81922618503,3987289.9700208483,3304,-1
140,2015-10-12 17:51:18,417432.764875506,3987307.86706492,417428.7319361492,3987311.718788345,3304,-1
141,2015-10-12 17:51:19,417454.144647488,3987329.85001072,417449.91056975926,3987333.8938345737,3304,-1
142,2015-10-12 17:51:20,417474.714518305,3987351.95151193,417470.76207231084,3987355.726358878,3304,-1
143,2015-10-12 17:51:21,417495.467587952,3987374.38409333,417491.49682483356,3987378.0047605173,3304,-1
144,2015-10-12 17:51:22,417515.859144858,3987396.70919069,417511.8693648546,3987400.3471980733,3304,-1
145,2015-10-12 17:51:23,417536.52295158,3987419.25361771,417532.4747003648,3987422.944940991,3304,-1
146,2015-10-12 17:51:24,417556.649217257,3987442.13587334,417552.2676752368,3987445.882200811,3304,-1
147,2015-10-12 17:51:25,417577.047729247,3987465.23745864,417572.29295995197,3987469.3029047195,3304,-1
148,2015-10-12 17:51:26,417597.180011915,3987488.78524711,417592.0285974227,3987492.958028,3304,-1
149,2015-10-12 17:51:27,417615.948373247,3987511.01483767,417610.33696828486,3987515.560222909,3304,-1
150,2015-10-12 17:51:29,417652.268138463,3987560.25493142,417648.8099314093,3987563.0561698624,3304,-1
151,2015-10-12 17:51:30,417670.250282094,3987585.15398527,417668.12764719117,3987586.769214267,3304,-1
152,2015-10-12 17:51:31,417688.860881868,3987609.82536689,417686.8416025974,3987611.3619469334,3304,-1
153,2015-10-12 17:51:32,417708.367093852,3987633.93383364,417705.6127146829,3987636.029791403,3304,-1
154,2015-10-12 17:51:33,417727.690948767,3987657.82221192,417724.36789923854,3987660.4755662824,3304,-1
155,2015-10-12 17:51:34,417746.930825758,3987682.37691536,417743.81335872825,3987684.8485181304,3304,-1
156,2015-10-12 17:51:35,417765.976955191,3987705.49155108,417762.4172039239,3987708.3138074214,3304,-1
157,2015-10-12 17:51:36,417785.122392822,3987729.60354939,417781.10742929106,3987732.513998973,3304,-1
158,2015-10-12 17:51:37,417805.258699693,3987753.70633907,417800.25315563846,3987757.919190996,3304,-1
159,2015-10-12 17:51:38,417824.781873341,3987779.70047803,417821.1545337319,3987782.7533818684,3304,-1
160,2015-10-12 17:51:39,417844.736748348,3987803.69413044,417841.2493532687,3987806.6292517604,3304,-1
161,2015-10-12 17:51:40,417864.875828546,3987828.12977481,417861.6383035548,3987830.854596177,3304,-1
162,2015-10-12 17:51:41,417885.822482245,3987852.22518279,417882.6342495622,3987855.273758628,3304,-1
163,2015-10-12 17:51:42,417906.754547085,3987874.76794102,417903.8918800567,3987877.5052122306,3304,-1
164,2015-10-12 17:51:43,417927.232969284,3987896.98222502,417924.76876977313,3987899.3384831217,3304,-1
165,2015-10-12 17:51:44,417948.339828952,3987918.96886574,417946.2145398512,3987921.1905067596,3304,-1
166,2015-10-12 17:51:45,417969.175290798,3987940.84716665,417968.0222793116,3987942.0524509633,3304,-1
167,2015-10-12 17:51:46,417989.443276125,3987959.84696664,417988.6420658218,3987960.7620788743,3304,-1
168,2015-10-12 17:51:47,418010.156441274,3987978.28808326,418009.5069248154,3987979.0299364976,3304,-1
169,2015-10-12 17:51:48,418031.043496976,3987996.06212831,418030.21718165826,3987997.0653456645,3304,-1
170,2015-10-12 17:51:49,418051.745135857,3988013.28336354,418051.00225260237,3988014.185287246,3304,-1
171,2015-10-12 17:51:50,418071.535518708,3988029.40395775,418070.70427463885,3988030.4131590296,3304,-1
172,2015-10-12 17:51:51,418091.58783184,3988044.63482541,418090.72939800983,3988045.8028213726,3304,-1
173,2015-10-12 17:51:52,418111.368787883,3988059.75734426,418110.78915468464,3988060.5460005454,3304,-1
174,2015-10-12 17:51:53,418130.685844878,3988073.442303,418129.86171388417,3988074.5636260887,3304,-1
175,2015-10-12 17:51:54,418150.453266164,3988087.12311665,418149.7732951495,3988088.123936064,3304,-1
176,2015-10-12 17:51:55,418170.488818577,3988100.57964844,418169.7363746211,3988101.687137587,3304,-1
177,2015-10-12 17:51:56,418190.793532743,3988113.92280725,418190.25643129763,3988114.8342189775,3304,-1
178,2015-10-12 17:51:57,418211.095094154,3988126.93329107,418211.0157923983,3988127.067858852,3304,-1
179,2015-10-12 17:51:58,418231.477410059,3988138.94482106,418230.7866447721,3988140.1871900656,3304,-1
180,2015-10-12 17:51:59,418252.222066021,3988151.1748664,418251.826848531,3988151.8856808683,3304,-1
181,2015-10-12 17:52:00,418273.228680891,3988162.51519523,418272.689280084,3988163.4853291623,3304,-1
182,2015-10-12 17:52:01,418294.145156577,3988173.85640951,418293.48323412956,3988175.0469035152,3304,-1
183,2015-10-12 17:52:02,418315.420884308,3988185.08342307,418314.91041064676,3988186.0891999626,3304,-1
184,2015-10-12 17:52:03,418337.233973923,3988195.97275349,418336.6501612856,3988197.1230288222,3304,-1
185,2015-10-12 17:52:04,418359.493313761,3988206.41433295,418358.73305492976,3988208.053281747,3304,-1
186,2015-10-12 17:52:05,418381.745403326,3988216.07961879,418380.7344289637,3988218.2590544596,3304,-1
187,2015-10-12 17:52:06,418403.730275479,3988226.08018586,418402.88431355794,3988228.1372816702,3304,-1
188,2015-10-12 17:52:07,418426.160376072,3988235.52209923,418425.39100435906,3988237.3929533283,3304,-1
189,2015-10-12 17:52:08,418449.127845491,3988244.62634212,418448.238554295,3988246.7888002023,3304,-1
190,2015-10-12 17:52:09,418472.093212174,3988253.50883033,418471.0063028392,3988256.15182948,3304,-1
191,2015-10-12 17:52:10,418495.685006473,3988261.94191279,418494.7781122991,3988264.5740879467,3304,-1
192,2015-10-12 17:52:11,418519.367863371,3988270.48513144,418518.6313330203,3988272.7478269055,3304,-1
193,2015-10-12 17:52:12,418542.957511747,3988278.69652557,418542.37777511124,3988280.4775349414,3304,-1
194,2015-10-12 17:52:13,418567.261623115,3988286.2358752,418566.5983338601,3988288.3539647902,3304,-1
195,2015-10-12 17:52:14,418591.471506733,3988293.33249624,418590.66995504557,3988295.892100926,3304,-1
196,2015-10-12 17:52:15,418616.219795662,3988300.20237365,418615.64072228625,3988302.7021452566,3304,-1
197,2015-10-12 17:52:16,418640.78275494,3988306.51944982,418640.3415411407,3988308.424102622,3304,-1
198,2015-10-12 17:52:18,418690.983407434,3988318.47838226,418690.61472867883,3988320.0699123195,3304,-1
199,2015-10-12 17:52:19,418716.170690619,3988324.12440269,418715.9831042304,3988325.102007874,3304,-1
200,2015-10-12 17:52:20,418740.994539462,3988329.4410992,418740.9093718746,3988329.8849495,3304,-1
201,2015-10-12 17:52:21,418767.437791966,3988334.52109191,418767.3537286119,3988334.959187506,3304,-1
202,2015-10-12 17:52:22,418793.521705605,3988339.71539407,418793.4726624385,3988339.970982197,3304,-1
203,2015-10-12 17:52:23,418819.600473688,3988344.35523818,418819.4840201873,3988344.962134804,3304,-1
204,2015-10-12 17:52:24,418845.581974539,3988348.21964047,418845.3460437076,3988349.6909833155,3304,-1
205,2015-10-12 17:52:25,418871.471324602,3988351.86313531,418871.23274056596,3988353.8192666126,3304,-1
206,2015-10-12 17:52:26,418897.447668584,3988355.17315539,418897.2261206854,3988356.989608773,3304,-1
207,2015-10-12 17:52:27,418923.781255498,3988358.14721312,418923.5311314947,3988360.1979596848,3304,-1
208,2015-10-12 17:52:28,418950.472087906,3988360.78531174,418950.3043498077,3988362.68219766,3304,-1
209,2015-10-12 17:52:29,418977.432127556,3988363.31009751,418977.3507859012,3988364.956642828,3304,-1
210,2015-10-12 17:52:30,419004.297986687,3988365.39216648,419004.25384527905,3988366.2856918047,3304,-1
211,2015-10-12 17:52:31,419031.427957493,3988366.80639036,419031.39983481274,3988367.5261809034,3304,-1
212,2015-10-12 17:52:32,419058.467835393,3988368.22152608,419058.45370483206,3988368.583193034,3304,-1
213,2015-10-12 17:52:33,419085.502606421,3988369.08220999,419085.4975218497,3988369.4734744797,3304,-1
214,2015-10-12 17:52:34,419112.806596798,3988369.82958752,419112.80661271943,3988369.8283623443,3304,-1
215,2015-10-12 17:52:35,419140.101413769,3988369.57888698,419140.0935636699,3988370.182962496,3304,-1
216,2015-10-12 17:52:36,419167.394193737,3988369.10645741,419167.4063266451,3988370.4282412063,3304,-1
217,2015-10-12 17:52:37,419194.416728674,3988368.63659288,419194.47707532847,3988370.0502258074,3304,-1
218,2015-10-12 17:52:38,419221.172071005,3988368.50201185,419221.1894832941,3988368.9098983426,3304,-1
219,2015-10-12 17:52:39,419250.522496239,3988366.45813585,419250.5860121443,3988367.590422548,3304,-1
220,2015-10-12 17:52:40,419279.153293849,3988364.53187184,419279.2347157967,3988365.983366356,3304,-1
221,2015-10-12 17:52:41,419307.152511559,3988362.50057324,419307.26476071577,3988364.086839776,3304,-1
222,2015-10-12 17:52:42,419335.95333336,3988359.46377427,419336.26207509206,3988361.576387591,3304,-1
223,2015-10-12 17:52:43,419364.840192005,3988355.98261738,419365.093932151,3988358.0936853467,3304,-1
224,2015-10-12 17:52:44,419393.461901449,3988353.0585648,419393.6544877548,3988354.660844878,3304,-1
225,2015-10-12 17:52:45,419421.625097806,3988349.25147201,419421.9569710567,3988351.1635542414,3304,-1
226,2015-10-12 17:52:46,419450.147630068,3988345.33026685,419450.30606780754,3988346.2431032597,3304,-1
227,2015-10-12 17:52:47,419477.502160384,3988341.75258486,419477.4724784401,3988341.57751646,3304,-1
228,2015-10-12 17:52:48,419505.748407618,3988337.16859101,419505.6849382457,3988336.7942394684,3304,-1
229,2015-10-12 17:52:49,419533.44506714,3988331.59146535,419533.2929398422,3988330.912359576,3304,-1
230,2015-10-12 17:52:50,419561.418085453,3988326.67740067,419560.97752313246,3988324.710702912,3304,-1
231,2015-10-12 17:52:51,419590.189720155,3988320.42513882,419589.7080094837,3988318.2747522504,3304,-1
232,2015-10-12 17:52:52,419618.323729772,3988313.40237984,419617.9956911255,3988311.937994802,3304,-1
233,2015-10-12 17:52:53,419645.644003823,3988306.05438956,419645.41213620943,3988305.236304891,3304,-1
234,2015-10-12 17:52:54,419672.962298121,3988298.48467136,419672.5459085168,3988297.0983083555,3304,-1
235,2015-10-12 17:52:55,419700.456757206,3988290.46976845,419699.973431126,3988288.860541444,3304,-1
236,2015-10-12 17:52:56,419727.137487118,3988282.12962276,419726.66509323946,3988280.66902583,3304,-1
237,2015-10-12 17:52:57,419754.266658374,3988273.56364068,419753.7332818074,3988271.9144910797,3304,-1
238,2015-10-12 17:52:58,419781.479901412,3988264.33148139,419781.0596300624,3988263.0741636213,3304,-1
239,2015-10-12 17:52:59,419808.336908035,3988255.54631672,419807.8588891121,3988254.1162366387,3304,-1
240,2015-10-12 17:53:00,419834.742541704,3988246.65442889,419834.2842267272,3988245.283296728,3304,-1
241,2015-10-12 17:53:01,419860.782847881,3988237.21136638,419860.5466725245,3988236.504805077,3304,-1
242,2015-10-12 17:53:02,419887.452782007,3988227.65173846,419887.41051540896,3988227.525290286,3304,-1
243,2015-10-12 17:53:03,419913.94260584,3988218.09383129,419914.1118318839,3988218.6001016134,3304,-1
244,2015-10-12 17:53:04,419940.074168637,3988208.76109504,419940.36111641757,3988209.597481987,3304,-1
245,2015-10-12 17:53:05,419967.200735805,3988199.86305914,419967.362278355,3988200.333918611,3304,-1
246,2015-10-12 17:53:06,419994.055090051,3988190.74574978,419994.1871999429,3988191.130819805,3304,-1
247,2015-10-12 17:53:07,420021.271847573,3988181.84706473,420021.26925365836,3988181.8395040636,3304,-1
248,2015-10-12 17:53:08,420048.39353988,3988172.39474872,420048.51649924635,3988172.7738548224,3304,-1
249,2015-10-12 17:53:09,420075.973760852,3988163.82568456,420075.9862847025,3988163.86429787,3304,-1
250,2015-10-12 17:53:10,420103.284788158,3988155.37006696,420103.3888498924,3988155.742056132,3304,-1
251,2015-10-12 17:53:11,420130.96324349,3988147.68761522,420131.05162727536,3988148.003560474,3304,-1
252,2015-10-12 17:53:12,420159.090154547,3988139.77935424,420159.18889695953,3988140.132328448,3304,-1
253,2015-10-12 17:53:13,420186.951887632,3988132.42816802,420187.0580545397,3988132.85997268,3304,-1
254,2015-10-12 17:53:14,420214.815674955,3988125.29888485,420214.9864062357,3988125.9932873165,3304,-1
255,2015-10-12 17:53:15,420243.671437077,3988118.27162315,420243.82653128915,3988118.9024261464,3304,-1
256,2015-10-12 17:53:16,420272.88958872,3988111.46300858,420273.1733720515,3988112.860474728,3304,-1
257,2015-10-12 17:53:17,420301.391122914,3988105.1046417,420301.786181669,3988107.0500739203,3304,-1
258,2015-10-12 17:53:18,420330.441229871,3988099.62873291,420330.75373466924,3988101.167635404,3304,-1
259,2015-10-12 17:53:19,420360.122965263,3988094.25812502,420360.34811070317,3988095.523262073,3304,-1
260,2015-10-12 17:53:20,420389.175145144,3988089.00422565,420389.4147348182,3988090.3505277294,3304,-1
261,2015-10-12 17:53:21,420418.499615715,3988083.96979451,420418.7074329554,3988085.137560958,3304,-1
262,2015-10-12 17:53:22,420448.551807737,3988079.70529954,420448.6766689238,3988080.598612125,3304,-1
263,2015-10-12 17:53:23,420478.965366569,3988075.54856101,420479.0657444304,3988076.38461568,3304,-1
264,2015-10-12 17:53:24,420508.934534483,3988072.06143497,420509.0217733625,3988072.788054083,3304,-1
265,2015-10-12 17:53:25,420539.261060432,3988068.23843997,420539.38807955827,3988069.4463443477,3304,-1
266,2015-10-12 17:53:26,420569.503527302,3988065.08180358,420569.6280961575,3988066.266406799,3304,-1
267,2015-10-12 17:53:27,420600.475691083,3988062.91693533,420600.4866786477,3988063.02142296,3304,-1
268,2015-10-12 17:53:28,420631.983378486,3988060.19277142,420631.96980766446,3988059.989131301,3304,-1
269,2015-10-12 17:53:29,420663.408990789,3988058.35678687,420663.37828557804,3988057.896032688,3304,-1
270,2015-10-12 17:53:30,420694.565357534,3988056.63425559,420694.5529462311,3988056.070933061,3304,-1
271,2015-10-12 17:53:31,420725.990989848,3988054.79849562,420726.00375764555,3988055.3779986813,3304,-1
272,2015-10-12 17:53:32,420758.055209978,3988053.84442857,420758.0734307247,3988054.671429342,3304,-1
273,2015-10-12 17:53:33,420790.67191353,3988054.21649861,420790.65915647626,3988055.0854200623,3304,-1
274,2015-10-12 17:53:34,420822.839184081,3988054.70364621,420822.82664550573,3988055.5576864383,3304,-1
275,2015-10-12 17:53:35,420854.561007444,3988055.74949348,420854.5569841116,3988056.0235347985,3304,-1
276,2015-10-12 17:53:36,420887.272756828,3988056.67564665,420887.2556557954,3988056.9636460547,14022,-1
277,2015-10-12 17:53:37,420920.258734069,3988058.04312196,420920.20665230945,3988058.920233659,14022,-1
278,2015-10-12 17:53:38,420952.439907807,3988060.08343893,420952.4458327611,3988060.0146359224,14022,-1
279,2015-10-12 17:53:39,420985.348706887,3988062.89375495,420985.35261302855,3988062.8483952247,14022,-1
280,2015-10-12 17:53:40,421018.074328362,3988065.37308963,421018.049271525,3988065.664059942,14022,-1
281,2015-10-12 17:53:41,421049.010166108,3988069.19957886,421049.03753359185,3988068.951462376,14022,-1
282,2015-10-12 17:53:42,421081.654600043,3988072.67811831,421081.6686537502,3988072.550705924,14022,-1
283,2015-10-12 17:53:43,421112.959658009,3988077.4997638,421113.0376779187,3988076.9607118755,14036,-1
284,2015-10-12 17:53:44,421145.159565426,3988081.64801379,421145.1566833499,3988081.666611088,14036,-1
285,2015-10-12 17:53:45,421176.735796801,3988086.57837266,421176.7384992001,3988086.560934772,14036,-1
286,2015-10-12 17:53:46,421208.589188826,3988092.28277389,421208.59643925185,3988092.2457608776,14036,-1
287,2015-10-12 17:53:47,421240.985026187,3988098.20426978,421240.912198955,3988098.576048664,14036,-1
288,2015-10-12 17:53:48,421272.842294258,3988104.35252989,421272.7520708113,3988104.813115462,14036,-1
289,2015-10-12 17:53:49,421304.162973969,3988110.94936181,421304.1173347228,3988111.1473719045,14036,-1
290,2015-10-12 17:53:50,421335.939968317,3988118.20772188,421335.87990533566,3988118.468310685,14036,-1
291,2015-10-12 17:53:51,421367.989139887,3988125.68559668,421367.9489665704,3988125.859892333,14036,-1
292,2015-10-12 17:53:52,421398.689964646,3988133.50836808,421398.607812833,3988133.8195269406,14036,-1
293,2015-10-12 17:53:53,421429.572878779,3988141.55145212,421429.4087846639,3988142.08788118,14036,-1
294,2015-10-12 17:53:54,421459.646958171,3988149.82368798,421459.2234323586,3988151.2082077917,14036,-1
295,2015-10-12 17:53:55,421490.083290553,3988158.31462717,421489.43051257485,3988160.448579853,14036,-1
296,2015-10-12 17:53:56,421519.170284817,3988167.03952622,421518.3742844919,3988169.5390052036,14036,-1
297,2015-10-12 17:53:57,421547.907753123,3988176.98770472,421547.3419839,3988178.7642470626,14036,-1
298,2015-10-12 17:53:58,421576.553095613,3988186.71496516,421575.9830495755,3988188.280762076,14036,-1
299,2015-10-12 17:53:59,421604.667745912,3988197.55619685,421604.2924298242,3988198.587111432,14036,-1
300,2015-10-12 17:54:00,421633.590112197,3988208.05758288,421633.20575427305,3988209.11333349,14036,-1
301,2015-10-12 17:54:01,421662.421337662,3988218.44895786,421661.7460294118,3988220.137090404,14302,-1
302,2015-10-12 17:54:02,421690.540705525,3988229.8449953,421689.9162176234,3988231.406087364,14302,-1
303,2015-10-12 17:54:03,421717.117746851,3988240.03476091,421716.1431977699,3988242.342691034,14302,-1
304,2015-10-12 17:54:04,421745.51214654,3988251.9831038,421744.52272281307,3988254.3262601057,14302,-1
305,2015-10-12 17:54:05,421773.193688318,3988264.82519273,421772.3400552959,3988266.66353422,14302,-1
306,2015-10-12 17:54:06,421801.505724124,3988277.66176851,421800.53363546263,3988279.755210155,14302,-1
307,2015-10-12 17:54:07,421829.554319973,3988291.27718035,421828.80800746224,3988292.8844017405,14302,-1
308,2015-10-12 17:54:08,421857.605779575,3988305.22540081,421856.89691870776,3988306.5960920113,14302,-1
309,2015-10-12 17:54:09,421885.115673051,3988319.06759736,421884.2498421207,3988320.741814252,14302,-1
310,2015-10-12 17:54:10,421912.723427538,3988333.79633391,421912.041710067,3988335.1145391916,14302,-1
311,2015-10-12 17:54:11,421940.15584018,3988349.08128664,421939.77413314383,3988349.784888085,14302,-1
312,2015-10-12 17:54:12,421967.495126252,3988364.03440199,421967.16431448504,3988364.6441880697,14302,-1
313,2015-10-12 17:54:13,421994.748166187,3988379.43202608,421994.22221694933,3988380.3267546142,14302,-1
314,2015-10-12 17:54:14,422021.82487526,3988395.27495574,422021.26677164016,3988396.2243843125,14302,-1
315,2015-10-12 17:54:15,422048.815331392,3988411.56239194,422048.4414161964,3988412.1984848767,14302,-1
316,2015-10-12 17:54:16,422075.265201508,3988427.85469262,422074.83338694315,3988428.525161617,14305,-1
317,2015-10-12 17:54:17,422101.359555362,3988444.70479275,422100.9478025382,3988445.3441123217,14305,-1
318,2015-10-12 17:54:18,422127.727972459,3988461.99620632,422127.45682592544,3988462.417209591,14305,-1
319,2015-10-12 17:54:20,422179.574472902,3988497.80720173,422179.1891886318,3988498.361029301,14305,-1
320,2015-10-12 17:54:21,422205.138713613,3988515.88235568,422204.81114044826,3988516.30877619,14305,-1
321,2015-10-12 17:54:22,422230.614727664,3988534.18019182,422229.6723305721,3988535.4069633987,14305,-1
322,2015-10-12 17:54:23,422255.824313116,3988552.92411338,422254.58147368045,3988554.5419877446,14305,-1
323,2015-10-12 17:54:24,422280.498209043,3988572.22740989,422279.32225760736,3988573.686143059,14305,-1
324,2015-10-12 17:54:25,422304.366177306,3988592.09246125,422303.49511544645,3988593.172987867,14305,-1
325,2015-10-12 17:54:26,422329.497097861,3988612.16826607,422328.43863249675,3988613.4662602223,14305,-1
326,2015-10-12 17:54:27,422354.267588585,3988632.24731873,422353.1501790064,3988633.617596065,14305,-1
327,2015-10-12 17:54:28,422378.049058293,3988652.55698798,422377.3806612248,3988653.3766420893,14305,-1
328,2015-10-12 17:54:29,422402.548111556,3988672.52764989,422401.876093255,3988673.351744711,14305,-1
329,2015-10-12 17:54:30,422426.604479485,3988693.38960048,422425.8686153166,3988694.220649981,14305,-1
330,2015-10-12 17:54:31,422450.117336048,3988713.92365554,422449.2396593995,3988714.9148612167,14305,-1
331,2015-10-12 17:54:32,422474.624841726,3988734.89267544,422473.3841110717,3988736.2938968,14305,-1
332,2015-10-12 17:54:33,422498.412587622,3988755.97901187,422497.1833472826,3988757.3672566228,14305,-1
333,2015-10-12 17:54:34,422522.562479511,3988777.28405466,422521.29412397253,3988778.716474232,14305,-1
334,2015-10-12 17:55:39,423827.908235588,3990425.62797984,423841.4258511333,3990418.7871125513,14541,-1
335,2015-10-12 17:55:40,423841.918702487,3990452.23728734,423855.00301136886,3990445.615703798,14541,-1
336,2015-10-12 17:55:41,423856.733864043,3990478.17416309,423868.4733259278,3990472.233167023,14541,-1
337,2015-10-12 17:55:42,423869.754472483,3990504.90299222,423881.8955244995,3990498.7602475854,14541,-1
338,2015-10-12 17:55:43,423883.396782932,3990530.62822622,423895.038885771,3990524.737924074,14541,-1
339,2015-10-12 17:55:44,423897.035179134,3990555.90985362,423908.002751089,3990550.360829228,14541,-1
340,2015-10-12 17:55:45,423910.695553102,3990583.74236014,423921.99866715976,3990578.023568792,14541,-1
341,2015-10-12 17:55:46,423924.163263236,3990610.13465521,423935.1126570176,3990605.107034869,14541,-1
342,2015-10-12 17:55:47,423937.281207598,3990637.75005991,423947.8719225478,3990632.801694307,14541,-1
343,2015-10-12 17:55:48,423950.48721244,3990665.14289201,423960.7437910316,3990660.3506470155,14541,-1
344,2015-10-12 17:55:49,423963.067528037,3990693.09572503,423973.7183088604,3990688.1192944753,14541,-1
345,2015-10-12 17:55:50,423975.464777808,3990720.71741126,423986.53302428493,3990715.545925632,14541,-1
346,2015-10-12 17:55:51,423987.231555581,3990748.34455999,423999.2368599664,3990742.7352469685,14541,-1
347,2015-10-12 17:55:52,423998.821980401,3990776.41690759,424011.60300471145,3990771.7460455396,14541,-1
348,2015-10-12 17:55:53,424010.227433052,3990803.93629124,424021.81891306466,3990799.7001515706,14541,-1
349,2015-10-12 17:55:54,424021.193071095,3990832.6795534,424032.3775748347,3990828.5921443785,14541,-1
350,2015-10-12 17:55:55,424030.980259464,3990860.54568076,424042.5146074067,3990856.3304201695,14541,-1
351,2015-10-12 17:55:56,424041.222450912,3990888.96246703,424052.7144100631,3990884.8955254047,14541,-1
352,2015-10-12 17:55:57,424050.399235887,3990919.16310313,424062.777246599,3990916.0344772753,14541,-1
353,2015-10-12 17:55:59,424069.44243564,3990976.00916683,424079.3067818542,3990973.1229308434,14635,-1
354,2015-10-12 17:56:00,424078.694742135,3991004.54545236,424087.73141734244,3991002.2163117183,14635,-1
355,2015-10-12 17:56:01,424087.229432211,3991033.42068384,424095.24185173406,3991031.3555380288,14635,-1
356,2015-10-12 17:56:02,424094.333738845,3991063.52832947,424102.58789405617,3991061.6256437423,14635,-1
357,2015-10-12 17:56:03,424100.985821428,3991093.41805133,424109.35292376665,3991091.719757855,14635,-1
358,2015-10-12 17:56:04,424107.90897679,3991123.41635567,424115.4747731722,3991121.8807054404,14635,-1
359,2015-10-12 17:56:05,424113.843424217,3991153.64502299,424121.60240888025,3991152.070160811,14635,-1
360,2015-10-12 17:56:06,424119.774964821,3991183.54097415,424127.6650693748,3991181.9394982103,14635,-1
361,2015-10-12 17:56:07,424124.716854603,3991213.55637887,424132.2292926328,3991212.575605847,14635,-1
362,2015-10-12 17:56:08,424129.030266013,3991243.79903659,424136.4702431194,3991242.438362988,14635,-1
363,2015-10-12 17:56:09,424133.349388881,3991274.70713914,424140.66050583246,3991273.823108438,14635,-1
364,2015-10-12 17:56:10,424136.853245736,3991305.06769773,424144.3291721999,3991304.1637389283,14635,-1
365,2015-10-12 17:56:11,424139.647195828,3991336.65444673,424148.1112340857,3991335.6433751094,14635,-1
366,2015-10-12 17:56:12,424142.705543071,3991367.5734267,424150.8985258999,3991367.0437684483,14635,-1
367,2015-10-12 17:56:13,424144.700484744,3991400.498051,424153.0264742926,3991399.959794157,14635,-1
368,2015-10-12 17:56:14,424146.861172127,3991431.75751947,424154.9735374923,3991431.687586712,14635,-1
369,2015-10-12 17:56:15,424147.400005047,3991462.92005686,424155.24219465523,3991462.852453156,14635,-1
370,2015-10-12 17:56:16,424147.673471962,3991494.63945974,424155.51563220937,3991494.5718562887,14635,-1
371,2015-10-12 17:56:17,424148.388578153,3991525.35681923,424155.78046647424,3991525.2930962923,14635,-1
372,2015-10-12 17:56:18,424147.480901147,3991555.8663405,424156.0433916156,3991555.7925262013,14635,-1
373,2015-10-12 17:56:19,424147.120215486,3991587.14755423,424155.9973789948,3991587.23733964,14635,-1
374,2015-10-12 17:56:20,424145.853322108,3991617.7710912,424155.687548503,3991617.8705565357,14635,-1
375,2015-10-12 17:56:21,424144.041375686,3991647.84475322,424154.42081658874,3991648.49844509,14635,-1
376,2015-10-12 17:56:22,424141.784947799,3991678.5877416,424152.4833737061,3991679.261522982,14635,-1
377,2015-10-12 17:56:23,424139.249791977,3991708.33489826,424149.7873552924,3991709.512047375,14635,-1
378,2015-10-12 17:56:24,424136.083375319,3991737.97658578,424146.47787355894,3991739.137753124,14635,-1
379,2015-10-12 17:56:25,424132.733065342,3991767.17620099,424143.2149004317,3991768.3471247163,14635,-1
380,2015-10-12 17:56:26,424128.489974752,3991797.27084154,424138.9100649967,3991798.8707492184,14635,-1
381,2015-10-12 17:56:27,424124.154958046,3991827.14444848,424134.32905058586,3991828.7065855055,14635,-1
382,2015-10-12 17:56:28,424119.008610697,3991856.91414266,424129.7449371609,3991858.5626054606,14635,-1
383,2015-10-12 17:56:29,424113.87186898,3991887.79291246,424124.88871049974,3991889.8784396085,14635,-1
384,2015-10-12 17:56:30,424108.010026312,3991918.12336652,424119.14289027994,3991920.230857129,14635,-1
385,2015-10-12 17:56:31,424101.785179841,3991948.12421288,424112.8085827978,3991950.5105220866,14635,-1
386,2015-10-12 17:56:32,424094.669509673,3991979.24190632,424105.7653160169,3991982.1842749203,14635,-1
387,2015-10-12 17:56:33,424087.180319508,3992008.81001672,424097.94759297394,3992011.6652654847,14635,-1
388,2015-10-12 17:56:34,424079.783140857,3992038.59917268,424090.0811496207,3992041.329982564,14635,-1
389,2015-10-12 17:56:35,424072.204015021,3992068.16807727,424082.25732107164,3992070.83399727,14635,-1
390,2015-10-12 17:56:36,424064.525326531,3992096.62869672,424074.7015359325,3992099.327208039,14635,-1
391,2015-10-12 17:56:37,424056.848605931,3992125.31113916,424067.09092203696,3992128.0271805516,14635,-1
392,2015-10-12 17:56:38,424049.164277479,3992153.10633338,424059.69962965563,3992155.900081619,14635,-1
393,2015-10-12 17:56:39,424041.658168888,3992180.6781669,424051.9087147028,3992183.865870635,14635,-1
394,2015-10-12 17:56:40,424033.877196207,3992207.697806,424044.16715129744,3992210.5636914475,14635,-1
395,2015-10-12 17:56:41,424026.103937783,3992235.60471099,424036.39465830283,3992238.47080962,14635,-1
396,2015-10-12 17:56:42,424018.324983322,3992262.84618197,424028.7937460188,3992265.7618676466,14635,-1
397,2015-10-12 17:56:44,424003.672423883,3992317.87590631,424014.77474913996,3992320.702858173,14635,-1
398,2015-10-12 17:56:45,423995.18959107,3992347.00904904,424007.29183455964,3992350.0906070904,14635,-1
399,2015-10-12 17:56:46,423986.615819325,3992376.03207315,423999.8297148994,3992379.396687845,14635,-1
400,2015-10-12 17:56:47,423978.674301857,3992405.27147444,423992.35435062955,3992408.754784329,14635,-1
401,2015-10-12 17:56:48,423971.271158893,3992434.28440074,423984.9659220078,3992437.771457298,14635,-1
402,2015-10-12 17:56:49,423964.409260884,3992463.4035721,423977.5850426389,3992466.7584819873,14635,-1
403,2015-10-12 17:56:50,423957.374046548,3992493.3006581,423970.0075928687,3992496.517500201,14635,-1
404,2015-10-12 17:56:51,423950.873359902,3992522.5276374,423962.6229272735,3992525.519394586,14635,-1
405,2015-10-12 17:56:52,423945.637089503,3992552.18735167,423957.6347435374,3992554.446163045,14635,-1
406,2015-10-12 17:56:53,423939.762920054,3992580.96526403,423952.2010804855,3992583.307010023,14635,-1
407,2015-10-12 17:56:54,423933.179043983,3992610.96939141,423946.5201644646,3992613.4811386736,14635,-1
408,2015-10-12 17:56:55,423926.973592549,3992643.0776476,423940.4696174073,3992645.6185588795,14635,-1
409,2015-10-12 17:56:56,423921.924278134,3992673.51217675,423934.8699934201,3992675.471738527,14635,-1
410,2015-10-12 17:56:57,423917.057953835,3992704.27787458,423930.2083735408,3992706.268421972,14635,-1
411,2015-10-12 17:56:58,423913.085312704,3992734.25943667,423925.68280536646,3992736.166288826,14635,-1
412,2015-10-12 17:56:59,423908.85027128,3992765.1305973,423921.6173152975,3992766.7298439536,14635,-1
413,2015-10-12 17:57:00,423905.065441309,3992795.99786653,423917.7520306107,3992797.5870351316,14635,-1
414,2015-10-12 17:57:01,423901.461671924,3992826.97448827,423913.8760567705,3992828.5295595457,14635,-1
415,2015-10-12 17:57:02,423897.239204368,3992859.28745443,423910.40902237454,3992860.2942096167,14635,-1
416,2015-10-12 17:57:03,423894.098147173,3992891.70198154,423907.9272695005,3992892.759136667,14635,-1
417,2015-10-12 17:57:04,423891.495403187,3992923.89002181,423905.46585709363,3992924.9579809057,14635,-1
418,2015-10-12 17:57:05,423889.347651652,3992956.62870476,423902.9652392362,3992957.6696892995,14635,-1
419,2015-10-12 17:57:06,423887.822476018,3992988.47467695,423900.5360844104,3992989.4465575926,14635,-1
420,2015-10-12 17:57:07,423886.396948409,3993021.42894459,423899.55405612744,3993021.8276210884,14635,-1
421,2015-10-12 17:57:08,423885.333487487,3993054.60191156,423898.54882108717,3993055.002352374,14635,-1
422,2015-10-12 17:57:09,423884.53533657,3993087.21800599,423897.5606878637,3993087.6126901074,14635,-1
423,2015-10-12 17:57:10,423884.355901237,3993118.49775926,423896.8404755542,3993118.6738220146,14635,-1
424,2015-10-12 17:57:11,423884.35461481,3993149.55414074,423896.40259213827,3993149.7240464194,14635,-1
425,2015-10-12 17:57:12,423884.896402125,3993180.93856952,423895.96019136446,3993181.094595762,14635,-1
426,2015-10-12 17:57:13,423885.443949637,3993212.9884436,423895.7154702102,3993212.899542488,14635,-1
427,2015-10-12 17:57:14,423886.889886878,3993244.80871121,423897.26812034735,3993244.232613457,14635,-1
428,2015-10-12 17:57:15,423888.78789086,3993276.84689845,423899.0469336079,3993276.277416997,14635,-1
429,2015-10-12 17:57:16,423891.137956565,3993309.10300557,423901.5836385546,3993308.1033424386,14635,-1
430,2015-10-12 17:57:17,423894.288679143,3993340.24302782,423904.56532075466,3993339.2595420363,14635,-1
431,2015-10-12 17:57:18,423898.332000403,3993370.48800123,423909.5377381935,3993368.6467033834,14635,-1
432,2015-10-12 17:57:19,423902.655944146,3993401.95062057,423914.7021367162,3993399.696421893,14635,-1
433,2015-10-12 17:57:20,423907.693374103,3993432.6306584,423920.419470101,3993430.249229695,14635,-1
434,2015-10-12 17:57:21,423913.460599944,3993464.41354068,423926.3608870458,3993461.9995156713,14635,-1
435,2015-10-12 17:57:22,423920.030365723,3993495.30215744,423932.16777428915,3993493.030889554,14635,-1
436,2015-10-12 17:57:23,423927.508046507,3993527.07024903,423938.6105173673,3993524.5662258808,14635,-1
437,2015-10-12 17:57:24,423935.608194874,3993557.94563654,423945.6766254853,3993554.891637076,14635,-1
438,2015-10-12 17:57:25,423944.248454267,3993588.81635923,423954.97950082214,3993585.561372262,14635,-1
439,2015-10-12 17:57:26,423953.070629102,3993619.90734819,423964.3588861596,3993616.483345748,14635,-1
440,2015-10-12 17:57:27,423962.531565293,3993651.99106247,423973.612970395,3993647.6645802804,14635,-1
441,2015-10-12 17:57:28,423973.426145625,3993683.28597941,423985.656256654,3993678.511011159,14635,-1
442,2015-10-12 17:57:29,423985.400006288,3993714.46066191,423997.8015666706,3993709.6187551646,14635,-1
443,2015-10-12 17:57:30,423997.637150941,3993744.8566743,424010.00600839313,3993739.773357648,14635,-1
444,2015-10-12 17:57:31,424010.679650221,3993774.6911635,424022.3801808387,3993769.8825138444,14635,-1
445,2015-10-12 17:57:32,424025.068607865,3993804.07037229,424034.8298441342,3993799.7250576247,14635,-1
446,2015-10-12 17:57:33,424040.090520938,3993833.77688165,424048.70486815006,3993829.257564896,14635,-1
447,2015-10-12 17:57:35,424069.601567359,3993894.0819012,424080.0158900858,3993888.142968881,31000,-1
448,2015-10-12 17:57:36,424085.322304886,3993921.34230376,424095.60452587774,3993915.478704545,31000,-1
449,2015-10-12 17:57:37,424101.968079874,3993951.47855432,424112.72460288304,3993945.098600143,31000,-1
450,2015-10-12 17:57:38,424119.662431797,3993977.9455666,424128.94230760465,3993972.441447623,31000,-1
