62.601764 29.743503 1296044888896 0.0
62.601269 29.743473 1296044900586 0.0
62.601593 29.743967 1296044916763 0.0
62.602064 29.744466 1296044935533 0.0
62.602175 29.744407 1296044938610 0.0
62.603226 29.744439 1296044958812 0.0
62.603488 29.74448 1296044962606 0.0
62.603711 29.744724 1296044986619 0.0
62.603763 29.744498 1296044990612 0.0
62.603735 29.744438 1296045006631 0.0
62.603287 29.744436 1296045016673 0.0
62.602453 29.744474 1296045036777 0.0
62.601984 29.744479 1296045050677 0.0
62.601414 29.744467 1296045060760 0.0
62.600829 29.744352 1296045074662 0.0
62.600597 29.744454 1296045080745 0.0
62.600367 29.744381 1296045084594 0.0