62.60228 29.751334 1317811076881 109.6
62.602008 29.751334 1317811078882 98.2
62.601936 29.751464 1317811080884 97.0
62.601887 29.751596 1317811082881 95.4
62.601812 29.751682 1317811084883 87.4
62.601758 29.751781 1317811086888 82.6
62.601717 29.751868 1317811088890 81.5
62.60166 29.752147 1317811092882 80.0
62.601648 29.752257 1317811094881 79.6
62.601622 29.752381 1317811096881 80.6
62.601598 29.752491 1317811098883 80.9
62.601576 29.752582 1317811100883 80.6
62.601554 29.752657 1317811102883 77.5
62.601529 29.752755 1317811104883 76.9
62.601484 29.753036 1317811108881 77.3
62.601463 29.753169 1317811110884 80.0
62.601434 29.75329 1317811112883 79.5
62.601405 29.753414 1317811114882 78.0
62.601382 29.753554 1317811116883 78.4
62.601359 29.753694 1317811118883 78.6
62.601333 29.753819 1317811120888 78.1
62.601279 29.754004 1317811124881 78.3
62.601258 29.754081 1317811126880 77.1
62.601234 29.754126 1317811128888 77.7
62.6012 29.754107 1317811130883 77.1
62.601159 29.754072 1317811132887 76.3
62.601106 29.754025 1317811134889 76.9
62.601046 29.753965 1317811136888 77.0
62.600912 29.753859 1317811140880 78.8
62.600842 29.753797 1317811142882 80.6
62.600778 29.753743 1317811144883 81.6
62.600708 29.753682 1317811146885 81.4
62.600659 29.753625 1317811148888 81.5
62.600618 29.753579 1317811150888 81.2
62.60057 29.753515 1317811152882 81.3
62.600448 29.753369 1317811156883 81.0
62.600378 29.753312 1317811158883 80.5
62.600315 29.753249 1317811160883 80.5
62.60025 29.753194 1317811162887 80.5
62.600187 29.753135 1317811164888 81.2
62.600137 29.753092 1317811166888 81.5
62.6001 29.75303 1317811168888 81.6
62.600014 29.752946 1317811172881 82.3
62.599962 29.752932 1317811174883 82.4
62.59992 29.752894 1317811176883 81.8
62.599866 29.752842 1317811178883 82.5
62.599806 29.752805 1317811180887 83.1
62.59974 29.752752 1317811182882 83.2
62.599678 29.752711 1317811184881 83.4
62.599552 29.752606 1317811188883 83.7
62.599497 29.752552 1317811190883 83.6
62.599444 29.752505 1317811192884 83.6
62.599405 29.752421 1317811194883 82.5
62.599415 29.752305 1317811196883 82.0
62.599429 29.752235 1317811198883 81.2
62.599416 29.752145 1317811200888 80.5
62.599329 29.7521 1317811204882 77.3
62.599311 29.752091 1317811206883 77.1
62.599317 29.7521 1317811208883 76.4
62.599318 29.752096 1317811210883 76.8
62.599322 29.752097 1317811212882 78.1
62.599316 29.752056 1317811214881 78.5
62.599311 29.752013 1317811216884 78.4
62.599309 29.751993 1317811220881 77.1
62.599309 29.75198 1317811222888 76.6
62.59929 29.751946 1317811224883 76.2
62.599288 29.75193 1317811226880 75.4
62.59929 29.751941 1317811228883 75.3
62.599332 29.751923 1317811230885 76.9
62.599329 29.751927 1317811232889 74.8
62.59934 29.751937 1317811236881 75.6
62.599346 29.751944 1317811238883 76.4
62.599352 29.751948 1317811240883 77.4
62.599346 29.751954 1317811242880 77.3
62.599382 29.752006 1317811244883 83.3
62.599374 29.752017 1317811246880 83.9
62.599381 29.751995 1317811248883 85.1
62.599405 29.751964 1317811252879 85.4
62.599408 29.751948 1317811254884 86.3
62.599418 29.751923 1317811256880 86.7
62.599428 29.751904 1317811258883 87.2
62.599422 29.751924 1317811260881 87.2
62.59943 29.751826 1317811262883 87.6
62.599439 29.751763 1317811264880 88.0
62.599443 29.751714 1317811268882 88.1
62.599443 29.751714 1317811270881 88.1
62.599443 29.751714 1317811272880 88.1
62.599443 29.751714 1317811274882 88.1
62.599443 29.751714 1317811276883 88.1
62.599443 29.751714 1317811278881 88.1
62.599443 29.751714 1317811280880 88.1
62.599443 29.751714 1317811284880 88.1
62.599443 29.751714 1317811286881 88.1
62.599443 29.751714 1317811288883 88.1
62.599443 29.751714 1317811290880 88.1
62.599443 29.751714 1317811292881 88.1
62.599443 29.751714 1317811294883 88.1
62.599443 29.751714 1317811296881 88.1
62.599443 29.751714 1317811300881 88.1
62.599443 29.751714 1317811302880 88.1
62.599443 29.751714 1317811304880 88.1
62.599443 29.751714 1317811306883 88.1
62.599443 29.751714 1317811308882 88.1
62.599443 29.751714 1317811310882 88.1
62.599443 29.751714 1317811312888 88.1
62.599443 29.751714 1317811316879 88.1
62.599443 29.751714 1317811318882 88.1
62.599443 29.751714 1317811320883 88.1
62.599443 29.751714 1317811322880 88.1
62.599443 29.751714 1317811324882 88.1
62.599443 29.751714 1317811326888 88.1
62.599443 29.751714 1317811328882 88.1
62.599443 29.751714 1317811332883 88.1
62.599443 29.751714 1317811334880 88.1
62.599443 29.751714 1317811336880 88.1
62.599443 29.751714 1317811338881 88.1
62.599443 29.751714 1317811340880 88.1
62.599443 29.751714 1317811342883 88.1
62.599443 29.751714 1317811344880 88.1
62.599443 29.751714 1317811348882 88.1
62.599443 29.751714 1317811350881 88.1
62.599443 29.751714 1317811352881 88.1
62.599443 29.751714 1317811354883 88.1
62.599443 29.751714 1317811356880 88.1
62.599443 29.751714 1317811358884 88.1
62.599443 29.751714 1317811360882 88.1
62.599443 29.751714 1317811364883 88.1
62.599443 29.751714 1317811366907 88.1
62.599443 29.751714 1317811368881 88.1
62.599443 29.751714 1317811370880 88.1
62.599443 29.751714 1317811372883 88.1
62.599443 29.751714 1317811374917 88.1
62.599443 29.751714 1317811376882 88.1
62.599443 29.751714 1317811380881 88.1
62.599443 29.751714 1317811382880 88.1
62.599443 29.751714 1317811384880 88.1
62.599443 29.751714 1317811386883 88.1
62.599443 29.751714 1317811388880 88.1
62.599443 29.751714 1317811390880 88.1
62.599443 29.751714 1317811392880 88.1
62.599443 29.751714 1317811396883 88.1
62.599784 29.751017 1317811398881 87.8
62.599817 29.750902 1317811400882 87.8
62.599817 29.750902 1317811402883 87.8
62.599817 29.750902 1317811404889 87.8
62.599817 29.750902 1317811406882 87.8
62.599817 29.750902 1317811408882 87.8
62.599495 29.751024 1317811412883 87.9
62.599457 29.751093 1317811414883 87.9
62.599448 29.751115 1317811416880 87.9
62.599395 29.751547 1317811418883 87.8
62.599399 29.751575 1317811420888 87.8
62.5994 29.751579 1317811422883 87.8
62.5994 29.751579 1317811424884 87.8
62.599515 29.751237 1317811428908 87.8
62.599508 29.75114 1317811430879 87.7
62.599508 29.75114 1317811432882 87.7
62.599508 29.75114 1317811434880 87.7
62.599508 29.75114 1317811436880 87.7
62.599508 29.75114 1317811438880 87.7
62.599508 29.75114 1317811440883 87.7
62.599508 29.75114 1317811444883 87.7
62.599508 29.75114 1317811446958 87.7
62.599508 29.75114 1317811448882 87.7
62.599508 29.75114 1317811450884 87.7
62.599508 29.75114 1317811452884 87.7
62.599508 29.75114 1317811454881 87.7
62.599508 29.75114 1317811456880 87.7
62.599508 29.75114 1317811460884 87.7
62.599508 29.75114 1317811462881 87.7
62.599508 29.75114 1317811464915 87.7
62.599508 29.75114 1317811466881 87.7
62.599508 29.75114 1317811468885 87.7
62.599508 29.75114 1317811470881 87.7
62.599508 29.75114 1317811472885 87.7
62.599508 29.75114 1317811476881 87.7
62.599508 29.75114 1317811478884 87.7
62.599508 29.75114 1317811480881 87.7
62.599508 29.75114 1317811482882 87.7
62.599508 29.75114 1317811484885 87.7
62.599508 29.75114 1317811486881 87.7
62.599508 29.75114 1317811488881 87.7
62.599508 29.75114 1317811492885 87.7
62.599508 29.75114 1317811494880 87.7
62.599508 29.75114 1317811496885 87.7
62.599508 29.75114 1317811498881 87.7
62.599508 29.75114 1317811500881 87.7
62.599508 29.75114 1317811502885 87.7
62.599508 29.75114 1317811504881 87.7
62.599508 29.75114 1317811508885 87.7
62.599508 29.75114 1317811510881 87.7
62.599508 29.75114 1317811512885 87.7
62.599508 29.75114 1317811514881 87.7
62.599508 29.75114 1317811516881 87.7
62.599508 29.75114 1317811518885 87.7
62.599508 29.75114 1317811520881 87.7
62.599508 29.75114 1317811524885 87.7
62.599254 29.751948 1317811526881 87.8
62.599043 29.751914 1317811528880 87.8
62.599 29.751884 1317811530885 87.8
62.598997 29.751881 1317811532881 87.8
62.598992 29.75191 1317811534886 87.8
62.598991 29.751913 1317811536881 87.8
62.599155 29.751864 1317811540884 87.8
62.599176 29.751864 1317811542884 87.8
62.599182 29.75186 1317811544885 87.8
62.599182 29.75186 1317811546880 87.8
62.599182 29.75186 1317811548881 87.8
62.599182 29.75186 1317811550885 87.8
62.599182 29.75186 1317811552881 87.8
62.599048 29.751566 1317811556881 87.9
62.599082 29.751564 1317811558881 87.8
62.599098 29.751564 1317811560886 87.8
62.599157 29.75156 1317811562881 87.8
62.599182 29.751555 1317811564881 87.8
62.599182 29.751555 1317811566886 87.8
62.599182 29.751555 1317811568880 87.8
62.599182 29.751555 1317811572886 87.8
62.599182 29.751555 1317811574881 87.8
62.599182 29.751555 1317811576881 87.8
62.599182 29.751555 1317811578887 87.8
62.599182 29.751555 1317811580881 87.8
62.599182 29.751555 1317811582881 87.8
62.599182 29.751555 1317811584886 87.8
62.599182 29.751555 1317811588886 87.8
62.599182 29.751555 1317811590880 87.8
62.599182 29.751555 1317811592881 87.8
62.599182 29.751555 1317811594886 87.8
62.599182 29.751555 1317811596886 87.8
62.599182 29.751555 1317811598881 87.8
62.59923 29.752117 1317811600886 87.8
62.599257 29.752132 1317811604881 87.8
62.599257 29.752132 1317811606880 87.8
62.59925 29.752051 1317811608886 87.7
62.599314 29.751637 1317811610881 87.5
62.599316 29.751559 1317811612929 87.5
62.599332 29.751339 1317811614886 87.4
62.599264 29.751644 1317811616880 87.3
62.599327 29.751638 1317811620881 87.3
62.599356 29.751562 1317811622886 87.3
62.599354 29.75153 1317811624881 87.3
62.599365 29.751408 1317811626885 87.3
62.599365 29.751398 1317811628886 87.3
62.59937 29.751365 1317811630881 87.3
62.599368 29.751388 1317811632886 87.3
62.599385 29.75132 1317811636881 87.2
62.599391 29.751312 1317811638881 87.2
62.599392 29.75131 1317811640884 87.2
62.599392 29.751309 1317811642885 87.2
62.599392 29.751309 1317811644927 87.2
62.599392 29.751309 1317811646880 87.2
62.599595 29.751591 1317811648880 87.2
62.599579 29.751674 1317811652886 87.2
62.599579 29.751674 1317811654880 87.2
62.598988 29.751515 1317811656881 87.4
62.598888 29.751583 1317811658883 87.4
62.598877 29.7516 1317811660883 87.4
62.598877 29.7516 1317811662885 87.4
62.598877 29.7516 1317811664879 87.4
62.598877 29.7516 1317811668879 87.4
62.598877 29.7516 1317811670879 87.4
62.598877 29.7516 1317811672884 87.4
62.598877 29.7516 1317811674881 87.4
62.598877 29.7516 1317811676880 87.4
62.598877 29.7516 1317811678883 87.4
62.598877 29.7516 1317811680881 87.4
62.598877 29.7516 1317811684884 87.4
62.598877 29.7516 1317811686880 87.4
62.598877 29.7516 1317811688883 87.4
62.598877 29.7516 1317811690881 87.4
62.598877 29.7516 1317811692883 87.4
62.598877 29.7516 1317811694882 87.4
62.598877 29.7516 1317811696880 87.4
62.598877 29.7516 1317811700928 87.4
62.598877 29.7516 1317811702880 87.4
62.598877 29.7516 1317811704883 87.4
62.598877 29.7516 1317811706880 87.4
62.598877 29.7516 1317811708883 87.4
62.598877 29.7516 1317811710881 87.4
62.598877 29.7516 1317811712881 87.4
62.598877 29.7516 1317811716884 87.4
62.598877 29.7516 1317811718880 87.4
62.598877 29.7516 1317811720880 87.4
62.598877 29.7516 1317811722882 87.4
62.598877 29.7516 1317811724883 87.4
62.598877 29.7516 1317811726880 87.4
62.598877 29.7516 1317811728882 87.4
62.598877 29.7516 1317811732881 87.4
62.599204 29.752166 1317811734881 87.3
62.59921 29.752156 1317811736885 87.3
62.59915 29.752604 1317811738881 87.4
62.599144 29.752716 1317811740882 87.4
62.599189 29.752577 1317811742880 87.4
62.599191 29.752573 1317811744883 87.4
62.599189 29.752573 1317811748883 87.4
62.599233 29.752257 1317811750882 87.4
62.599233 29.752254 1317811752884 87.4
62.599249 29.752125 1317811754883 87.4
62.599248 29.752106 1317811756880 87.4
62.599248 29.752106 1317811758880 87.4
62.599248 29.752106 1317811760883 87.4
62.599248 29.752106 1317811764883 87.4
62.599248 29.752106 1317811766883 87.4
62.599248 29.752106 1317811768880 87.4
62.599248 29.752106 1317811770880 87.4
62.599248 29.752106 1317811772881 87.4
62.599248 29.752106 1317811774881 87.4
62.599248 29.752106 1317811776881 87.4
62.599248 29.752106 1317811780885 87.4
62.599248 29.752106 1317811782885 87.4
62.599248 29.752106 1317811784881 87.4
62.599248 29.752106 1317811786882 87.4
62.599248 29.752106 1317811788884 87.4
62.599248 29.752106 1317811790881 87.4
62.599248 29.752106 1317811792882 87.4
62.599248 29.752106 1317811796884 87.4
62.599248 29.752106 1317811798882 87.4
62.599248 29.752106 1317811800883 87.4
62.599248 29.752106 1317811802883 87.4
62.599248 29.752106 1317811804883 87.4
62.599248 29.752106 1317811806881 87.4
62.599248 29.752106 1317811808879 87.4
62.599248 29.752106 1317811812881 87.4
62.599248 29.752106 1317811814880 87.4
62.599248 29.752106 1317811816883 87.4
62.599248 29.752106 1317811818881 87.4
62.599248 29.752106 1317811820880 87.4
62.599248 29.752106 1317811822885 87.4
62.599248 29.752106 1317811824880 87.4
62.599248 29.752106 1317811828883 87.4
62.599248 29.752106 1317811830881 87.4
62.599248 29.752106 1317811832884 87.4
62.599248 29.752106 1317811834880 87.4
62.599248 29.752106 1317811836881 87.4
62.599248 29.752106 1317811838884 87.4
62.599248 29.752106 1317811840882 87.4
62.599248 29.752106 1317811844884 87.4
62.599248 29.752106 1317811846881 87.4
62.599248 29.752106 1317811848884 87.4
62.599248 29.752106 1317811850881 87.4
62.599248 29.752106 1317811852880 87.4
62.599248 29.752106 1317811854884 87.4
62.599248 29.752106 1317811856881 87.4
62.599248 29.752106 1317811860881 87.4
62.599248 29.752106 1317811862880 87.4
62.599248 29.752106 1317811864879 87.4
62.599248 29.752106 1317811866880 87.4
62.599248 29.752106 1317811868882 87.4
62.599248 29.752106 1317811870880 87.4
62.599248 29.752106 1317811872879 87.4
62.599248 29.752106 1317811876884 87.4
62.599248 29.752106 1317811878882 87.4
62.599248 29.752106 1317811880879 87.4
62.599248 29.752106 1317811882883 87.4
62.599248 29.752106 1317811884882 87.4
62.599248 29.752106 1317811886882 87.4
62.599248 29.752106 1317811888889 87.4
62.599248 29.752106 1317811892881 87.4
62.599248 29.752106 1317811894883 87.4
62.599248 29.752106 1317811896880 87.4
62.599248 29.752106 1317811898880 87.4
62.599248 29.752106 1317811900883 87.4
62.599248 29.752106 1317811902881 87.4
62.599248 29.752106 1317811904882 87.4
62.599248 29.752106 1317811908883 87.4
62.599248 29.752106 1317811910880 87.4
62.599248 29.752106 1317811912883 87.4
62.599248 29.752106 1317811914880 87.4
62.599248 29.752106 1317811916883 87.4
62.599248 29.752106 1317811918880 87.4
62.599248 29.752106 1317811920881 87.4
62.599248 29.752106 1317811924883 87.4
62.599248 29.752106 1317811926881 87.4
62.599248 29.752106 1317811928880 87.4
62.599248 29.752106 1317811930883 87.4
62.599248 29.752106 1317811932881 87.4
62.599248 29.752106 1317811934884 87.4
62.599248 29.752106 1317811936880 87.4
62.599248 29.752106 1317811940885 87.4
62.599248 29.752106 1317811942881 87.4
62.599248 29.752106 1317811944883 87.4
62.599248 29.752106 1317811946882 87.4
62.599248 29.752106 1317811948880 87.4
62.599248 29.752106 1317811950880 87.4
62.599248 29.752106 1317811952880 87.4
62.599248 29.752106 1317811956883 87.4
62.599248 29.752106 1317811958880 87.4
62.599248 29.752106 1317811960883 87.4
62.599248 29.752106 1317811962881 87.4
62.599248 29.752106 1317811964884 87.4
62.599248 29.752106 1317811966881 87.4
62.599248 29.752106 1317811968881 87.4
62.599248 29.752106 1317811972883 87.4
62.599248 29.752106 1317811974880 87.4
62.599248 29.752106 1317811976881 87.4
62.599248 29.752106 1317811978880 87.4
62.599248 29.752106 1317811980886 87.4
62.599248 29.752106 1317811982885 87.4
62.599248 29.752106 1317811984880 87.4
62.599248 29.752106 1317811988883 87.4
62.599248 29.752106 1317811990912 87.4
62.599248 29.752106 1317811992883 87.4
62.599248 29.752106 1317811994880 87.4
62.599248 29.752106 1317811996883 87.4
62.599248 29.752106 1317811998881 87.4
62.599248 29.752106 1317812000882 87.4
62.599248 29.752106 1317812004889 87.4
62.599248 29.752106 1317812006881 87.4
62.599248 29.752106 1317812008885 87.4
62.599248 29.752106 1317812010880 87.4
62.599248 29.752106 1317812012881 87.4
62.599248 29.752106 1317812014883 87.4
62.599248 29.752106 1317812016880 87.4
62.599248 29.752106 1317812020880 87.4
62.599248 29.752106 1317812022880 87.4
62.599248 29.752106 1317812024880 87.4
62.599248 29.752106 1317812026881 87.4
62.599248 29.752106 1317812028880 87.4
62.599248 29.752106 1317812030883 87.4
62.599248 29.752106 1317812032880 87.4
62.599248 29.752106 1317812036883 87.4
62.599248 29.752106 1317812038880 87.4
62.599248 29.752106 1317812040880 87.4
62.599248 29.752106 1317812042882 87.4
62.599248 29.752106 1317812044880 87.4
62.599248 29.752106 1317812046881 87.4
62.599248 29.752106 1317812048885 87.4
62.599248 29.752106 1317812052880 87.4
62.599248 29.752106 1317812054883 87.4
62.599248 29.752106 1317812056880 87.4
62.599248 29.752106 1317812058881 87.4
62.599248 29.752106 1317812060880 87.4
62.599248 29.752106 1317812062880 87.4
62.599248 29.752106 1317812064884 87.4
62.599248 29.752106 1317812068884 87.4
62.599248 29.752106 1317812070880 87.4
62.599248 29.752106 1317812072883 87.4
62.599248 29.752106 1317812074880 87.4
62.599248 29.752106 1317812076880 87.4
62.599248 29.752106 1317812078883 87.4
62.599248 29.752106 1317812080880 87.4
62.599248 29.752106 1317812084880 87.4
62.599248 29.752106 1317812086881 87.4
62.599248 29.752106 1317812088883 87.4
62.599248 29.752106 1317812090879 87.4
62.599248 29.752106 1317812092881 87.4
62.599248 29.752106 1317812094883 87.4
62.599248 29.752106 1317812096881 87.4
62.599248 29.752106 1317812100882 87.4
62.599248 29.752106 1317812102880 87.4
62.599248 29.752106 1317812104880 87.4
62.599248 29.752106 1317812106880 87.4
62.599248 29.752106 1317812108880 87.4
62.599248 29.752106 1317812110881 87.4
62.599248 29.752106 1317812112882 87.4
62.599248 29.752106 1317812116884 87.4
62.599248 29.752106 1317812118880 87.4
62.599248 29.752106 1317812120883 87.4
62.599248 29.752106 1317812122882 87.4
62.599248 29.752106 1317812124879 87.4
62.599248 29.752106 1317812126883 87.4
62.599248 29.752106 1317812128880 87.4
62.599248 29.752106 1317812132883 87.4
62.599248 29.752106 1317812134881 87.4
62.599248 29.752106 1317812136880 87.4
62.599248 29.752106 1317812138880 87.4
62.599248 29.752106 1317812140882 87.4
62.599248 29.752106 1317812142890 87.4
62.599248 29.752106 1317812144882 87.4
62.599248 29.752106 1317812148883 87.4
62.599248 29.752106 1317812150880 87.4
62.599248 29.752106 1317812152881 87.4
62.599248 29.752106 1317812154881 87.4
62.599248 29.752106 1317812156884 87.4
62.599248 29.752106 1317812158881 87.4
62.599248 29.752106 1317812160882 87.4
62.599248 29.752106 1317812164884 87.4
62.599248 29.752106 1317812166880 87.4
62.599248 29.752106 1317812168880 87.4
62.599248 29.752106 1317812170880 87.4
62.599248 29.752106 1317812172880 87.4
62.599248 29.752106 1317812174880 87.4
62.599248 29.752106 1317812176880 87.4
62.599248 29.752106 1317812180880 87.4
62.599248 29.752106 1317812182880 87.4
62.599248 29.752106 1317812184880 87.4
62.599248 29.752106 1317812186881 87.4
62.599248 29.752106 1317812188888 87.4
62.599248 29.752106 1317812190882 87.4
62.599248 29.752106 1317812192882 87.4
62.599248 29.752106 1317812196879 87.4
62.599248 29.752106 1317812198880 87.4
62.599248 29.752106 1317812200883 87.4
62.599248 29.752106 1317812202883 87.4
62.599248 29.752106 1317812204882 87.4
62.599248 29.752106 1317812206880 87.4
62.599248 29.752106 1317812208885 87.4
62.599248 29.752106 1317812212882 87.4
62.599248 29.752106 1317812214880 87.4
62.599248 29.752106 1317812216881 87.4
62.599248 29.752106 1317812218880 87.4
62.599248 29.752106 1317812220881 87.4
62.599248 29.752106 1317812222882 87.4
62.599248 29.752106 1317812224882 87.4
62.599248 29.752106 1317812228883 87.4
62.599248 29.752106 1317812230881 87.4
62.599248 29.752106 1317812232881 87.4
62.599248 29.752106 1317812234880 87.4
62.599248 29.752106 1317812236881 87.4
62.599248 29.752106 1317812238880 87.4
62.599248 29.752106 1317812240881 87.4
62.599248 29.752106 1317812244881 87.4
62.599248 29.752106 1317812246884 87.4
62.599248 29.752106 1317812248881 87.4
62.599248 29.752106 1317812250881 87.4
62.599248 29.752106 1317812252884 87.4
62.599248 29.752106 1317812254881 87.4
62.599248 29.752106 1317812256881 87.4
62.599248 29.752106 1317812260884 87.4
62.599248 29.752106 1317812262884 87.4
62.599248 29.752106 1317812264881 87.4
62.599248 29.752106 1317812266881 87.4
62.599248 29.752106 1317812268884 87.4
62.599248 29.752106 1317812270881 87.4
62.599248 29.752106 1317812272882 87.4
62.599248 29.752106 1317812276885 87.4
62.599248 29.752106 1317812278880 87.4
62.599248 29.752106 1317812280885 87.4
62.599248 29.752106 1317812282881 87.4
62.599248 29.752106 1317812284881 87.4
62.599248 29.752106 1317812286885 87.4
62.599248 29.752106 1317812288880 87.4
62.599248 29.752106 1317812292881 87.4
62.599248 29.752106 1317812294881 87.4
62.599248 29.752106 1317812296880 87.4
62.599248 29.752106 1317812298881 87.4
62.599248 29.752106 1317812300881 87.4
62.599248 29.752106 1317812302885 87.4
62.599248 29.752106 1317812304881 87.4
62.599248 29.752106 1317812308886 87.4
62.599248 29.752106 1317812310881 87.4
62.599248 29.752106 1317812312885 87.4
62.599248 29.752106 1317812314881 87.4
62.599248 29.752106 1317812316880 87.4
62.599248 29.752106 1317812318885 87.4
62.599248 29.752106 1317812320881 87.4
62.599248 29.752106 1317812324886 87.4
62.599248 29.752106 1317812326880 87.4
62.599248 29.752106 1317812328886 87.4
62.599248 29.752106 1317812330881 87.4
62.599248 29.752106 1317812332881 87.4
62.599248 29.752106 1317812334886 87.4
62.599248 29.752106 1317812336882 87.4
62.599248 29.752106 1317812340887 87.4
62.599248 29.752106 1317812342881 87.4
62.599248 29.752106 1317812344889 87.4
62.599248 29.752106 1317812346880 87.4
62.599248 29.752106 1317812348882 87.4
62.599248 29.752106 1317812350893 87.4
62.599248 29.752106 1317812352881 87.4
62.599248 29.752106 1317812356879 87.4
62.599248 29.752106 1317812358880 87.4
62.599248 29.752106 1317812360884 87.4
62.599248 29.752106 1317812362880 87.4
62.599248 29.752106 1317812364887 87.4
62.599248 29.752106 1317812366880 87.4
62.599248 29.752106 1317812368884 87.4
62.599248 29.752106 1317812372881 87.4
62.599248 29.752106 1317812374880 87.4
62.599248 29.752106 1317812376883 87.4
62.599248 29.752106 1317812378881 87.4
62.599248 29.752106 1317812380880 87.4
62.599248 29.752106 1317812382880 87.4
62.599248 29.752106 1317812384883 87.4
62.599248 29.752106 1317812388881 87.4
62.599248 29.752106 1317812390883 87.4
62.599248 29.752106 1317812392882 87.4
62.599248 29.752106 1317812394882 87.4
62.599248 29.752106 1317812396885 87.4
62.599248 29.752106 1317812398881 87.4
62.599248 29.752106 1317812400883 87.4
62.599248 29.752106 1317812404882 87.4
62.599248 29.752106 1317812406915 87.4
62.599248 29.752106 1317812408880 87.4
62.599248 29.752106 1317812410883 87.4
62.599248 29.752106 1317812412883 87.4
62.599248 29.752106 1317812414880 87.4
62.599248 29.752106 1317812416881 87.4
62.599248 29.752106 1317812420883 87.4
62.599248 29.752106 1317812422879 87.4
62.599248 29.752106 1317812424883 87.4
62.599248 29.752106 1317812426879 87.4
62.599248 29.752106 1317812428882 87.4
62.599248 29.752106 1317812430884 87.4
62.599248 29.752106 1317812432880 87.4
62.599248 29.752106 1317812436881 87.4
62.599248 29.752106 1317812438880 87.4
62.599248 29.752106 1317812440881 87.4
62.599248 29.752106 1317812442880 87.4
62.599248 29.752106 1317812444883 87.4
62.599248 29.752106 1317812446879 87.4
62.599248 29.752106 1317812448880 87.4
62.599248 29.752106 1317812452882 87.4
62.599248 29.752106 1317812454880 87.4
62.599248 29.752106 1317812456883 87.4
62.599248 29.752106 1317812458880 87.4
62.599248 29.752106 1317812460881 87.4
62.599248 29.752106 1317812462883 87.4
62.599248 29.752106 1317812464880 87.4
62.599248 29.752106 1317812468883 87.4
62.599248 29.752106 1317812470882 87.4
62.599248 29.752106 1317812472884 87.4
62.599248 29.752106 1317812474881 87.4
62.599248 29.752106 1317812476883 87.4
62.599248 29.752106 1317812478880 87.4
62.599248 29.752106 1317812480881 87.4
62.599248 29.752106 1317812484889 87.4
62.599248 29.752106 1317812486881 87.4
62.599248 29.752106 1317812488885 87.4
62.599248 29.752106 1317812490879 87.4
62.599248 29.752106 1317812492881 87.4
62.599248 29.752106 1317812494883 87.4
62.599248 29.752106 1317812496880 87.4
62.599248 29.752106 1317812500879 87.4
62.599248 29.752106 1317812502881 87.4
62.599248 29.752106 1317812504881 87.4
62.599248 29.752106 1317812506882 87.4
62.599248 29.752106 1317812508880 87.4
62.599248 29.752106 1317812510880 87.4
62.599248 29.752106 1317812512884 87.4
62.599248 29.752106 1317812516884 87.4
62.599248 29.752106 1317812518881 87.4
62.599248 29.752106 1317812520884 87.4
62.599248 29.752106 1317812522913 87.4
62.599248 29.752106 1317812524880 87.4
62.599248 29.752106 1317812526880 87.4
62.599248 29.752106 1317812528887 87.4
62.599248 29.752106 1317812532881 87.4
62.599248 29.752106 1317812534883 87.4
62.599248 29.752106 1317812536880 87.4
62.599248 29.752106 1317812538883 87.4
62.599248 29.752106 1317812540882 87.4
62.599248 29.752106 1317812542881 87.4
62.599248 29.752106 1317812544889 87.4
62.599248 29.752106 1317812548883 87.4
62.599248 29.752106 1317812550889 87.4
62.599248 29.752106 1317812552881 87.4
62.599248 29.752106 1317812554880 87.4
62.599248 29.752106 1317812556883 87.4
62.599248 29.752106 1317812558880 87.4
62.599248 29.752106 1317812560880 87.4
62.599248 29.752106 1317812564884 87.4
62.599248 29.752106 1317812566913 87.4
62.599248 29.752106 1317812568880 87.4
62.599248 29.752106 1317812570882 87.4
62.599248 29.752106 1317812572879 87.4
62.599248 29.752106 1317812574880 87.4
62.599248 29.752106 1317812576881 87.4
62.599248 29.752106 1317812580883 87.4
62.599248 29.752106 1317812582880 87.4
62.599248 29.752106 1317812584881 87.4
62.599248 29.752106 1317812586880 87.4
62.599248 29.752106 1317812588883 87.4
62.599248 29.752106 1317812590879 87.4
62.599248 29.752106 1317812592881 87.4
62.599248 29.752106 1317812596880 87.4
62.599248 29.752106 1317812598883 87.4
62.599248 29.752106 1317812600881 87.4
62.599248 29.752106 1317812602880 87.4
62.599248 29.752106 1317812604884 87.4
62.599248 29.752106 1317812606880 87.4
62.599248 29.752106 1317812608881 87.4
62.599248 29.752106 1317812612880 87.4
62.599248 29.752106 1317812614883 87.4
62.599248 29.752106 1317812616880 87.4
62.599248 29.752106 1317812618880 87.4
62.599248 29.752106 1317812620883 87.4
62.599248 29.752106 1317812622880 87.4
62.599248 29.752106 1317812624883 87.4
62.599248 29.752106 1317812628883 87.4
62.599248 29.752106 1317812630880 87.4
62.599248 29.752106 1317812632883 87.4
62.599248 29.752106 1317812634879 87.4
62.599248 29.752106 1317812636880 87.4
62.599248 29.752106 1317812638883 87.4
62.599248 29.752106 1317812640880 87.4
62.599248 29.752106 1317812644883 87.4
62.599248 29.752106 1317812646881 87.4
62.599248 29.752106 1317812648883 87.4
62.599248 29.752106 1317812650879 87.4
62.599248 29.752106 1317812652880 87.4
62.599248 29.752106 1317812654880 87.4
62.599248 29.752106 1317812656880 87.4
62.599248 29.752106 1317812660881 87.4
62.599248 29.752106 1317812662880 87.4
62.599248 29.752106 1317812664883 87.4
62.599248 29.752106 1317812666880 87.4
62.599248 29.752106 1317812668880 87.4
62.599248 29.752106 1317812670883 87.4
62.599248 29.752106 1317812672881 87.4
62.599248 29.752106 1317812676884 87.4
62.599248 29.752106 1317812678880 87.4
62.599248 29.752106 1317812680883 87.4
62.599248 29.752106 1317812682880 87.4
62.599248 29.752106 1317812684883 87.4
62.599248 29.752106 1317812686880 87.4
62.599248 29.752106 1317812688880 87.4
62.599248 29.752106 1317812692883 87.4
62.599248 29.752106 1317812694881 87.4
62.599248 29.752106 1317812696883 87.4
62.599248 29.752106 1317812698880 87.4
62.599248 29.752106 1317812700883 87.4
62.599248 29.752106 1317812702880 87.4
62.599248 29.752106 1317812704881 87.4
62.599248 29.752106 1317812708884 87.4
62.599248 29.752106 1317812710882 87.4
62.599248 29.752106 1317812712880 87.4
62.599248 29.752106 1317812714879 87.4
62.599248 29.752106 1317812716880 87.4
62.599248 29.752106 1317812718882 87.4
62.599248 29.752106 1317812720882 87.4
62.599248 29.752106 1317812724883 87.4
62.599248 29.752106 1317812726881 87.4
62.599248 29.752106 1317812728883 87.4
62.599248 29.752106 1317812730881 87.4
62.599248 29.752106 1317812732883 87.4
62.599248 29.752106 1317812734880 87.4
62.599248 29.752106 1317812736880 87.4
62.599248 29.752106 1317812740884 87.4
62.599248 29.752106 1317812742884 87.4
62.599248 29.752106 1317812744882 87.4
62.599248 29.752106 1317812746880 87.4
62.599248 29.752106 1317812748884 87.4
62.599248 29.752106 1317812750880 87.4
62.599248 29.752106 1317812752880 87.4
62.599248 29.752106 1317812756883 87.4
62.599248 29.752106 1317812759036 87.4
62.599248 29.752106 1317812760882 87.4
62.599248 29.752106 1317812762880 87.4
62.599248 29.752106 1317812764881 87.4
62.599248 29.752106 1317812766880 87.4
62.599248 29.752106 1317812768884 87.4
62.599248 29.752106 1317812772881 87.4
62.599248 29.752106 1317812774882 87.4
62.599248 29.752106 1317812776880 87.4
62.599248 29.752106 1317812778881 87.4
62.599248 29.752106 1317812780884 87.4
62.599248 29.752106 1317812782881 87.4
62.599248 29.752106 1317812784880 87.4
62.599248 29.752106 1317812788884 87.4
62.599248 29.752106 1317812790880 87.4
62.599248 29.752106 1317812792883 87.4
62.599248 29.752106 1317812794879 87.4
62.599248 29.752106 1317812796880 87.4
62.599248 29.752106 1317812798883 87.4
62.599248 29.752106 1317812800882 87.4
62.599248 29.752106 1317812804880 87.4
62.599248 29.752106 1317812806884 87.4
62.599248 29.752106 1317812808881 87.4
62.599248 29.752106 1317812810880 87.4
62.599248 29.752106 1317812812883 87.4
62.599248 29.752106 1317812814880 87.4
62.599248 29.752106 1317812816880 87.4
62.599248 29.752106 1317812820883 87.4
62.599248 29.752106 1317812822880 87.4
62.599248 29.752106 1317812824883 87.4
62.599248 29.752106 1317812826880 87.4
62.599248 29.752106 1317812828915 87.4
62.599248 29.752106 1317812830881 87.4
62.599248 29.752106 1317812832880 87.4
62.599248 29.752106 1317812836882 87.4
62.599248 29.752106 1317812838881 87.4
62.599248 29.752106 1317812840884 87.4
62.599248 29.752106 1317812842881 87.4
62.599248 29.752106 1317812844884 87.4
62.599248 29.752106 1317812846880 87.4
62.599248 29.752106 1317812848884 87.4
62.599248 29.752106 1317812852883 87.4
62.599248 29.752106 1317812854881 87.4
62.599248 29.752106 1317812856883 87.4
62.599248 29.752106 1317812858881 87.4
62.599248 29.752106 1317812860883 87.4
62.599248 29.752106 1317812862883 87.4
62.599248 29.752106 1317812864879 87.4
62.599248 29.752106 1317812868884 87.4
62.599248 29.752106 1317812870880 87.4
62.599248 29.752106 1317812872883 87.4
62.599248 29.752106 1317812874881 87.4
62.599248 29.752106 1317812876881 87.4
62.599248 29.752106 1317812878884 87.4
62.599248 29.752106 1317812880882 87.4
62.599248 29.752106 1317812884885 87.4
62.599248 29.752106 1317812886881 87.4
62.599248 29.752106 1317812888883 87.4
62.599248 29.752106 1317812890879 87.4
62.599248 29.752106 1317812892883 87.4
62.599248 29.752106 1317812894880 87.4
62.599248 29.752106 1317812896880 87.4
62.599248 29.752106 1317812900880 87.4
62.599248 29.752106 1317812902880 87.4
62.599248 29.752106 1317812904883 87.4
62.599248 29.752106 1317812906880 87.4
62.599248 29.752106 1317812908880 87.4
62.599248 29.752106 1317812910883 87.4
62.599248 29.752106 1317812912881 87.4
62.599248 29.752106 1317812916883 87.4
62.599248 29.752106 1317812918880 87.4
62.599248 29.752106 1317812920880 87.4
62.599248 29.752106 1317812922914 87.4
62.599248 29.752106 1317812924880 87.4
62.599248 29.752106 1317812926883 87.4
62.599248 29.752106 1317812928881 87.4
62.599248 29.752106 1317812932882 87.4
62.599248 29.752106 1317812934880 87.4
62.599248 29.752106 1317812936881 87.4
62.599248 29.752106 1317812938882 87.4
62.599248 29.752106 1317812940882 87.4
62.599248 29.752106 1317812942881 87.4
62.599248 29.752106 1317812944882 87.4
62.599248 29.752106 1317812948883 87.4
62.599248 29.752106 1317812950879 87.4
62.599248 29.752106 1317812952883 87.4
62.599248 29.752106 1317812954880 87.4
62.599248 29.752106 1317812956883 87.4
62.599248 29.752106 1317812958880 87.4
62.599248 29.752106 1317812960881 87.4
62.599248 29.752106 1317812964885 87.4
62.599248 29.752106 1317812966880 87.4
62.599248 29.752106 1317812968881 87.4
62.599248 29.752106 1317812970880 87.4
62.599248 29.752106 1317812972881 87.4
62.599248 29.752106 1317812974882 87.4
62.599248 29.752106 1317812976882 87.4
62.599248 29.752106 1317812980882 87.4
62.599248 29.752106 1317812982883 87.4
62.599248 29.752106 1317812984881 87.4
62.599248 29.752106 1317812986880 87.4
62.599248 29.752106 1317812988884 87.4
62.599248 29.752106 1317812990880 87.4
62.599248 29.752106 1317812992881 87.4
62.599248 29.752106 1317812996888 87.4
62.599248 29.752106 1317812998922 87.4
62.599248 29.752106 1317813000880 87.4
62.599248 29.752106 1317813002880 87.4
62.599248 29.752106 1317813004880 87.4
62.599248 29.752106 1317813006882 87.4
62.599248 29.752106 1317813008882 87.4
62.599248 29.752106 1317813012880 87.4
62.599248 29.752106 1317813014883 87.4
62.599248 29.752106 1317813016880 87.4
62.599248 29.752106 1317813018880 87.4
62.599248 29.752106 1317813020884 87.4
62.599248 29.752106 1317813022880 87.4
62.599248 29.752106 1317813024881 87.4
62.599248 29.752106 1317813028884 87.4
62.599248 29.752106 1317813030881 87.4
62.599248 29.752106 1317813032883 87.4
62.599248 29.752106 1317813034880 87.4
62.599248 29.752106 1317813036880 87.4
62.599248 29.752106 1317813038883 87.4
62.599248 29.752106 1317813040880 87.4
62.599248 29.752106 1317813076883 87.4
62.599248 29.752106 1317813078880 87.4
62.599248 29.752106 1317813080880 87.4
62.599248 29.752106 1317813082880 87.4
62.599248 29.752106 1317813084883 87.4
62.599248 29.752106 1317813086880 87.4
62.599248 29.752106 1317813088880 87.4