62.599996 29.74677 1317887241981 -18.6
62.599996 29.74677 1317887243994 -18.6
62.59852 29.743688 1317887245972 79.2
62.598517 29.743654 1317887247970 94.4
62.598503 29.743651 1317887249981 103.0
62.598506 29.743682 1317887251972 102.2
62.598504 29.743706 1317887253970 102.3
62.598481 29.743576 1317887257970 98.8
62.598505 29.74361 1317887259968 97.7
62.598481 29.74362 1317887261969 97.2
62.598486 29.74362 1317887263967 95.0
62.598523 29.743665 1317887265968 94.3
62.59855 29.743685 1317887267970 92.0
62.598564 29.743711 1317887269970 91.3
62.598592 29.743757 1317887273971 90.3
62.598601 29.743759 1317887275971 89.0
62.598596 29.743781 1317887277971 88.5
62.59859 29.743788 1317887279970 87.8
62.59858 29.743784 1317887281970 87.7
62.598598 29.743771 1317887283975 88.5
62.598603 29.743779 1317887285969 88.5
62.598621 29.743798 1317887289967 88.6
62.598624 29.74379 1317887291971 88.7
62.598625 29.74379 1317887293970 88.7
62.598624 29.743788 1317887295969 88.7
62.598623 29.743786 1317887297968 88.7
62.598636 29.743795 1317887299970 88.7
62.598637 29.743778 1317887301976 88.7
62.598672 29.743882 1317887305968 88.9
62.598645 29.743794 1317887307970 87.8
62.598623 29.743771 1317887309968 87.8
62.598609 29.743766 1317887311970 87.9
62.598603 29.743761 1317887313973 87.9
62.598589 29.743739 1317887315972 87.6
62.598577 29.743719 1317887317969 87.6
62.598556 29.743685 1317887321970 87.5
62.598555 29.74368 1317887323972 87.4
62.598554 29.74368 1317887325974 87.4
62.598554 29.74368 1317887327995 87.4
62.598555 29.74368 1317887329971 87.3
62.598555 29.743681 1317887331969 87.3
62.598555 29.743683 1317887334038 86.9