62.598662 29.743859 1317719870259 147.3
62.598662 29.743859 1317719872263 147.3
62.598566 29.74366 1317719874259 132.7
62.598595 29.743637 1317719876258 109.8
62.598567 29.743625 1317719878263 104.9
62.598556 29.743611 1317719880262 103.8
62.598543 29.743605 1317719882262 102.6
62.598511 29.743656 1317719886263 100.5
62.598518 29.743709 1317719888262 101.3
62.59852 29.743757 1317719890262 101.1
62.598506 29.743794 1317719893259 99.7
62.5985 29.743808 1317719894264 98.5
62.598491 29.743829 1317719896258 95.2
62.598482 29.743836 1317719898260 95.1
62.598438 29.743825 1317719902259 98.0
62.598423 29.743826 1317719904259 99.7
62.598407 29.743839 1317719906298 100.2
62.598391 29.743855 1317719908260 100.5
62.598384 29.743875 1317719910260 100.7
62.598371 29.743893 1317719912262 99.3
62.598369 29.743886 1317719914270 100.2
62.598361 29.743948 1317719918259 99.7
62.598351 29.743938 1317719920259 100.3
62.598343 29.743929 1317719922262 101.0
62.598339 29.74393 1317719924269 101.3
62.598343 29.74393 1317719926274 102.5
62.598344 29.743929 1317719928259 102.8
62.598345 29.743929 1317719930272 102.8
62.598446 29.743888 1317719934272 103.3
62.598456 29.743891 1317719936279 103.3
62.598456 29.743891 1317719938259 103.3
62.598456 29.743891 1317719940273 103.3
62.598456 29.743891 1317719942260 103.3
62.598456 29.743891 1317719944262 103.3
62.598456 29.743891 1317719946272 103.3
62.598456 29.743891 1317719950272 103.3
62.598175 29.743705 1317719952263 103.5
62.59802 29.744272 1317719954259 103.5
62.597986 29.744341 1317719956258 102.8
62.59797 29.744403 1317719958264 102.6
62.597872 29.744783 1317719960259 101.7
62.597852 29.744888 1317719962259 101.8
62.597873 29.744789 1317719966261 104.5
62.597873 29.744776 1317719968269 105.1
62.597886 29.744759 1317719970261 105.5
62.597901 29.744742 1317719972259 105.5
62.597907 29.744731 1317719974285 105.6
62.597921 29.744719 1317719976260 105.9
62.59793 29.744693 1317719978262 106.4
62.597956 29.744643 1317719982271 107.0
62.597972 29.74463 1317719984260 108.7
62.597978 29.744607 1317719986263 109.0
62.597976 29.74465 1317719988263 112.0
62.597977 29.744666 1317719990270 114.2
62.597989 29.744666 1317719992263 117.4
62.597992 29.74467 1317719994555 118.2
62.597992 29.744709 1317719998259 120.8
62.597993 29.744712 1317720000258 121.4
62.598004 29.744721 1317720002560 125.7
62.59801 29.744715 1317720004259 128.6
62.598008 29.744713 1317720006259 127.8
62.598008 29.744711 1317720008269 127.7
62.59801 29.744696 1317720010260 127.0
62.598029 29.744734 1317720014336 133.7
62.598042 29.744766 1317720016262 139.6
62.598037 29.744751 1317720018264 137.8
62.598028 29.744726 1317720020267 133.9
62.598029 29.744718 1317720022259 133.3
62.59803 29.744715 1317720024285 133.3
62.598026 29.744749 1317720026262 133.5
62.598023 29.744757 1317720030258 134.1
62.598028 29.744757 1317720032258 134.5
62.598032 29.744755 1317720034259 135.0
62.598032 29.744745 1317720036264 134.7
62.598034 29.744738 1317720038319 133.9
62.598044 29.744758 1317720040262 136.8
62.598046 29.744761 1317720042260 137.1
62.598051 29.744767 1317720046258 138.2
62.598077 29.744812 1317720048259 147.1
62.598079 29.744804 1317720050260 147.5
62.598083 29.744807 1317720052257 149.5
62.598082 29.744802 1317720054261 149.7
62.598085 29.7448 1317720056259 151.0
62.598078 29.744786 1317720058258 148.6
62.59807 29.744774 1317720062259 146.2
62.598076 29.74479 1317720064257 149.4
62.59808 29.744804 1317720066259 151.8
62.598077 29.744815 1317720068292 152.3
62.598081 29.744805 1317720070267 151.6
62.598077 29.744799 1317720072267 149.9
62.598079 29.744804 1317720074266 150.2
62.598092 29.744842 1317720078261 155.0
62.598104 29.744852 1317720080258 157.9
62.59811 29.744858 1317720082260 159.3
62.598114 29.744861 1317720084267 160.1
62.598119 29.744865 1317720086259 161.0
62.598121 29.744866 1317720088263 161.3
62.598126 29.744873 1317720090260 162.6
62.598134 29.744892 1317720094260 164.9
62.598139 29.744896 1317720096259 166.4
62.598142 29.744898 1317720098260 167.0
62.598143 29.744896 1317720100262 166.7
62.598143 29.744895 1317720102260 166.5
62.598143 29.744895 1317720104350 166.2
62.598148 29.744892 1317720106266 167.0
62.598144 29.744889 1317720110263 165.6
62.598143 29.744889 1317720112259 165.2
62.598142 29.744888 1317720114260 164.7
62.598142 29.744888 1317720116263 164.3
62.598142 29.744888 1317720118259 164.3
62.598139 29.744884 1317720120267 163.3
62.59814 29.744886 1317720122260 163.2
62.598141 29.744885 1317720126259 163.2
62.598139 29.744883 1317720128261 162.8
62.598139 29.744882 1317720130259 162.6
62.59814 29.744889 1317720132263 164.4
62.598136 29.744879 1317720134259 163.8
62.598135 29.744867 1317720136267 163.7
62.598134 29.744854 1317720138384 162.8
62.598138 29.744842 1317720142261 163.5
62.598142 29.744845 1317720144259 164.9
62.598146 29.744843 1317720146261 166.5
62.598155 29.744846 1317720148261 169.6
62.598157 29.744848 1317720150260 170.0
62.598153 29.74488 1317720152258 170.8
62.598144 29.744866 1317720154259 171.8
62.598126 29.744802 1317720158261 170.2
62.598112 29.74476 1317720160258 167.4
62.598108 29.744754 1317720162258 166.5
62.598096 29.744738 1317720164261 163.9
62.598085 29.74473 1317720166266 162.8
62.598082 29.744729 1317720168265 162.6
62.598082 29.744726 1317720170259 162.6
62.598082 29.744726 1317720174262 162.6
62.598082 29.744726 1317720176260 162.6
62.598082 29.744726 1317720178259 162.6
62.598082 29.744726 1317720180261 162.6
62.598082 29.744726 1317720182259 162.6
62.598082 29.744726 1317720184261 162.6
62.598082 29.744726 1317720186267 162.6
62.598082 29.744726 1317720190259 162.6
62.598082 29.744726 1317720192259 162.6
62.598082 29.744726 1317720194259 162.6
62.598082 29.744726 1317720196257 162.6
62.598082 29.744726 1317720198262 162.6
62.598082 29.744726 1317720200265 162.6
62.598082 29.744726 1317720202259 162.6
62.598082 29.744726 1317720206258 162.6
62.598082 29.744726 1317720208262 162.6
62.598082 29.744726 1317720210260 162.6
62.598082 29.744726 1317720212260 162.6
62.598082 29.744726 1317720214267 162.6
62.598082 29.744726 1317720216259 162.6
62.598082 29.744726 1317720218260 162.6
62.598082 29.744726 1317720222261 162.6
62.598082 29.744726 1317720224258 162.6
62.598082 29.744726 1317720226260 162.6
62.598082 29.744726 1317720228259 162.6
62.598082 29.744726 1317720230260 162.6
62.598082 29.744726 1317720232259 162.6
62.598082 29.744726 1317720234261 162.6
62.598082 29.744726 1317720238260 162.6
62.598082 29.744726 1317720240261 162.6
62.598082 29.744726 1317720242258 162.6
62.598082 29.744726 1317720244259 162.6
62.598082 29.744726 1317720246268 162.6
62.598082 29.744726 1317720248261 162.6
62.598082 29.744726 1317720250260 162.6
62.598082 29.744726 1317720254294 162.6
62.598082 29.744726 1317720256258 162.6
62.598082 29.744726 1317720258259 162.6
62.598082 29.744726 1317720260258 162.6
62.598082 29.744726 1317720262263 162.6
62.598082 29.744726 1317720264258 162.6
62.598082 29.744726 1317720266259 162.6
62.598082 29.744726 1317720270260 162.6
62.598082 29.744726 1317720272258 162.6
62.598082 29.744726 1317720274259 162.6
62.598082 29.744726 1317720276258 162.6
62.598082 29.744726 1317720278267 162.6
62.598082 29.744726 1317720280260 162.6
62.598082 29.744726 1317720282259 162.6
62.598082 29.744726 1317720286258 162.6
62.598082 29.744726 1317720288258 162.6
62.598082 29.744726 1317720290259 162.6
62.598082 29.744726 1317720292259 162.6
62.598082 29.744726 1317720294262 162.6
62.598082 29.744726 1317720296260 162.6
62.598082 29.744726 1317720298260 162.6
62.598082 29.744726 1317720302262 162.6
62.598082 29.744726 1317720304258 162.6
62.598082 29.744726 1317720306260 162.6
62.598082 29.744726 1317720308259 162.6
62.598082 29.744726 1317720310267 162.6
62.598082 29.744726 1317720312260 162.6
62.598082 29.744726 1317720314259 162.6
62.598082 29.744726 1317720318260 162.6
62.598082 29.744726 1317720320258 162.6
62.598082 29.744726 1317720322261 162.6
62.598082 29.744726 1317720324259 162.6
62.598082 29.744726 1317720326260 162.6
62.598082 29.744726 1317720328268 162.6
62.598082 29.744726 1317720330259 162.6
62.598082 29.744726 1317720334260 162.6
62.598082 29.744726 1317720336258 162.6
62.598082 29.744726 1317720338259 162.6
62.598082 29.744726 1317720340259 162.6
62.598082 29.744726 1317720342267 162.6
62.598082 29.744726 1317720344260 162.6
62.598082 29.744726 1317720346259 162.6
62.598082 29.744726 1317720350261 162.6
62.598082 29.744726 1317720352258 162.6
62.598082 29.744726 1317720354260 162.6
62.598082 29.744726 1317720356260 162.6
62.598082 29.744726 1317720358260 162.6
62.598082 29.744726 1317720360266 162.6
62.598082 29.744726 1317720362260 162.6
62.598082 29.744726 1317720366259 162.6
62.598082 29.744726 1317720368259 162.6
62.598082 29.744726 1317720370262 162.6
62.598082 29.744726 1317720372261 162.6
62.598082 29.744726 1317720374259 162.6
62.598082 29.744726 1317720376268 162.6
62.598082 29.744726 1317720378260 162.6
62.598082 29.744726 1317720382261 162.6
62.598082 29.744726 1317720384258 162.6
62.598082 29.744726 1317720386259 162.6
62.598082 29.744726 1317720388266 162.6
62.598082 29.744726 1317720390261 162.6
62.598082 29.744726 1317720392260 162.6
62.598082 29.744726 1317720394268 162.6
62.598082 29.744726 1317720398262 162.6
62.598082 29.744726 1317720400259 162.6
62.598082 29.744726 1317720402259 162.6
62.598082 29.744726 1317720404259 162.6
62.598082 29.744726 1317720406267 162.6
62.598082 29.744726 1317720408260 162.6
62.598082 29.744726 1317720410258 162.6
62.598082 29.744726 1317720414260 162.6
62.598082 29.744726 1317720416261 162.6
62.598082 29.744726 1317720418260 162.6
62.598082 29.744726 1317720420260 162.6
62.598082 29.744726 1317720422267 162.6
62.598082 29.744726 1317720424259 162.6
62.598082 29.744726 1317720426260 162.6
62.598082 29.744726 1317720430262 162.6
62.598082 29.744726 1317720432258 162.6
62.598082 29.744726 1317720434259 162.6
62.598082 29.744726 1317720436259 162.6
62.598082 29.744726 1317720438267 162.6
62.598082 29.744726 1317720440264 162.6
62.598082 29.744726 1317720442259 162.6
62.598082 29.744726 1317720446258 162.6
62.598082 29.744726 1317720448261 162.6
62.598082 29.744726 1317720450260 162.6
62.598082 29.744726 1317720452260 162.6
62.598082 29.744726 1317720454267 162.6
62.598082 29.744726 1317720456259 162.6
62.598082 29.744726 1317720458261 162.6
62.598082 29.744726 1317720462261 162.6
62.598082 29.744726 1317720464258 162.6
62.598082 29.744726 1317720466258 162.6
62.598082 29.744726 1317720468260 162.6
62.598082 29.744726 1317720470259 162.6
62.598082 29.744726 1317720472258 162.6
62.598082 29.744726 1317720474258 162.6
62.598082 29.744726 1317720478267 162.6
62.598082 29.744726 1317720480259 162.6
62.598082 29.744726 1317720482258 162.6
62.598082 29.744726 1317720484261 162.6
62.598082 29.744726 1317720486258 162.6
62.598082 29.744726 1317720488258 162.6
62.598082 29.744726 1317720490268 162.6
62.598082 29.744726 1317720494261 162.6
62.598082 29.744726 1317720496258 162.6
62.598082 29.744726 1317720498259 162.6
62.598082 29.744726 1317720500264 162.6
62.598082 29.744726 1317720502258 162.6
62.598082 29.744726 1317720504265 162.6
62.598082 29.744726 1317720506258 162.6
62.598082 29.744726 1317720510265 162.6
62.598082 29.744726 1317720512259 162.6
62.598082 29.744726 1317720514261 162.6
62.598082 29.744726 1317720516259 162.6
62.598082 29.744726 1317720518267 162.6
62.598082 29.744726 1317720520263 162.6
62.598082 29.744726 1317720522263 162.6
62.598082 29.744726 1317720526261 162.6
62.598082 29.744726 1317720528258 162.6
62.598082 29.744726 1317720530259 162.6
62.598082 29.744726 1317720532258 162.6
62.598082 29.744726 1317720534263 162.6
62.598082 29.744726 1317720536260 162.6
62.598082 29.744726 1317720538260 162.6
62.598082 29.744726 1317720542262 162.6
62.598082 29.744726 1317720544259 162.6
62.598082 29.744726 1317720546259 162.6
62.598082 29.744726 1317720548260 162.6
62.598082 29.744726 1317720550266 162.6
62.598082 29.744726 1317720552260 162.6
62.598082 29.744726 1317720554259 162.6
62.598082 29.744726 1317720558262 162.6
62.598082 29.744726 1317720560261 162.6
62.598082 29.744726 1317720562260 162.6
62.598082 29.744726 1317720564259 162.6
62.598082 29.744726 1317720566262 162.6
62.598082 29.744726 1317720568260 162.6
62.598082 29.744726 1317720570261 162.6
62.598082 29.744726 1317720574261 162.6
62.598082 29.744726 1317720576258 162.6
62.598082 29.744726 1317720578259 162.6
62.598082 29.744726 1317720580260 162.6
62.598082 29.744726 1317720582266 162.6
62.598082 29.744726 1317720584260 162.6
62.598082 29.744726 1317720586259 162.6
62.598082 29.744726 1317720590260 162.6
62.598082 29.744726 1317720592261 162.6
62.598082 29.744726 1317720594258 162.6
62.598082 29.744726 1317720596259 162.6
62.598082 29.744726 1317720598267 162.6
62.598082 29.744726 1317720600260 162.6
62.598082 29.744726 1317720602260 162.6
62.598082 29.744726 1317720606262 162.6
62.598082 29.744726 1317720608257 162.6
62.598082 29.744726 1317720610258 162.6
62.598082 29.744726 1317720612260 162.6
62.598082 29.744726 1317720614266 162.6
62.598082 29.744726 1317720616260 162.6
62.598082 29.744726 1317720618259 162.6
62.598082 29.744726 1317720622258 162.6
62.598082 29.744726 1317720624258 162.6
62.598082 29.744726 1317720626261 162.6
62.598082 29.744726 1317720628258 162.6
62.598082 29.744726 1317720630257 162.6
62.598082 29.744726 1317720632261 162.6
62.598082 29.744726 1317720634259 162.6
62.598082 29.744726 1317720638262 162.6
62.598082 29.744726 1317720640257 162.6
62.598082 29.744726 1317720642259 162.6
62.598082 29.744726 1317720644260 162.6
62.598082 29.744726 1317720646266 162.6
62.598082 29.744726 1317720648260 162.6
62.598082 29.744726 1317720650258 162.6
62.598082 29.744726 1317720654258 162.6
62.598082 29.744726 1317720656261 162.6
62.598082 29.744726 1317720658260 162.6
62.598082 29.744726 1317720660260 162.6
62.598082 29.744726 1317720662266 162.6
62.598082 29.744726 1317720664259 162.6
62.598082 29.744726 1317720666260 162.6
62.598082 29.744726 1317720670262 162.6
62.598082 29.744726 1317720672259 162.6
62.598082 29.744726 1317720674259 162.6
62.598082 29.744726 1317720676259 162.6
62.598082 29.744726 1317720678267 162.6
62.598082 29.744726 1317720680263 162.6
62.598082 29.744726 1317720682258 162.6
62.598082 29.744726 1317720686259 162.6
62.598082 29.744726 1317720688261 162.6
62.598082 29.744726 1317720690260 162.6
62.598082 29.744726 1317720692260 162.6
62.598082 29.744726 1317720694268 162.6
62.598082 29.744726 1317720696259 162.6
62.598082 29.744726 1317720698260 162.6
62.598082 29.744726 1317720702262 162.6
62.598082 29.744726 1317720704258 162.6
62.598082 29.744726 1317720706258 162.6
62.598082 29.744726 1317720708262 162.6
62.598082 29.744726 1317720710262 162.6
62.598082 29.744726 1317720712258 162.6
62.598082 29.744726 1317720714260 162.6
62.598082 29.744726 1317720718262 162.6
62.598082 29.744726 1317720720257 162.6
62.598082 29.744726 1317720722260 162.6
62.598082 29.744726 1317720724259 162.6
62.598082 29.744726 1317720726267 162.6
62.598082 29.744726 1317720728260 162.6
62.598082 29.744726 1317720730259 162.6
62.598082 29.744726 1317720734262 162.6
62.598082 29.744726 1317720736260 162.6
62.598082 29.744726 1317720738259 162.6
62.598082 29.744726 1317720740259 162.6
62.598082 29.744726 1317720742259 162.6
62.598082 29.744726 1317720744260 162.6
62.598082 29.744726 1317720746260 162.6
62.598082 29.744726 1317720750260 162.6
62.598082 29.744726 1317720752259 162.6
62.598082 29.744726 1317720754259 162.6
62.598082 29.744726 1317720756259 162.6
62.598082 29.744726 1317720758267 162.6
62.598082 29.744726 1317720760260 162.6
62.598082 29.744726 1317720762260 162.6
62.598082 29.744726 1317720766261 162.6
62.598082 29.744726 1317720768258 162.6
62.598082 29.744726 1317720770260 162.6
62.598082 29.744726 1317720772258 162.6
62.598082 29.744726 1317720774263 162.6
62.598082 29.744726 1317720776260 162.6
62.598082 29.744726 1317720778260 162.6
62.598082 29.744726 1317720782263 162.6
62.598082 29.744726 1317720784258 162.6
62.598082 29.744726 1317720786258 162.6
62.598082 29.744726 1317720788260 162.6
62.598082 29.744726 1317720790269 162.6
62.598082 29.744726 1317720792260 162.6
62.598082 29.744726 1317720794259 162.6
62.598082 29.744726 1317720798262 162.6
62.598082 29.744726 1317720800261 162.6
62.598082 29.744726 1317720802259 162.6
62.598082 29.744726 1317720804258 162.6
62.598082 29.744726 1317720806267 162.6
62.598082 29.744726 1317720808260 162.6
62.598082 29.744726 1317720810259 162.6
62.598082 29.744726 1317720814259 162.6
62.598082 29.744726 1317720816258 162.6
62.598082 29.744726 1317720818259 162.6
62.598082 29.744726 1317720820260 162.6
62.598082 29.744726 1317720822260 162.6
62.598082 29.744726 1317720824266 162.6
62.598082 29.744726 1317720826259 162.6
62.598082 29.744726 1317720830258 162.6
62.598082 29.744726 1317720832261 162.6
62.598082 29.744726 1317720834259 162.6
62.598082 29.744726 1317720836259 162.6
62.598082 29.744726 1317720838268 162.6
62.598082 29.744726 1317720840260 162.6
62.598082 29.744726 1317720842260 162.6
62.598082 29.744726 1317720846258 162.6
62.598082 29.744726 1317720848259 162.6
62.598082 29.744726 1317720850259 162.6
62.598082 29.744726 1317720852259 162.6
62.598082 29.744726 1317720854267 162.6
62.598082 29.744726 1317720856260 162.6
62.598082 29.744726 1317720858259 162.6
62.598082 29.744726 1317720862268 162.6
62.598082 29.744726 1317720864260 162.6
62.598082 29.744726 1317720866261 162.6
62.598082 29.744726 1317720868258 162.6
62.598082 29.744726 1317720870260 162.6
62.598082 29.744726 1317720872268 162.6
62.598082 29.744726 1317720874260 162.6
62.598082 29.744726 1317720878262 162.6
62.598082 29.744726 1317720880259 162.6
62.598082 29.744726 1317720882259 162.6
62.598082 29.744726 1317720884259 162.6
62.598082 29.744726 1317720886267 162.6
62.598082 29.744726 1317720888260 162.6
62.598082 29.744726 1317720890259 162.6
62.598082 29.744726 1317720894259 162.6
62.598082 29.744726 1317720896262 162.6
62.598082 29.744726 1317720898259 162.6
62.598082 29.744726 1317720900258 162.6
62.598082 29.744726 1317720902267 162.6
62.598082 29.744726 1317720904260 162.6
62.598082 29.744726 1317720906260 162.6
62.598082 29.744726 1317720910262 162.6
62.598082 29.744726 1317720912259 162.6
62.598082 29.744726 1317720914259 162.6
62.598082 29.744726 1317720916258 162.6
62.598082 29.744726 1317720918267 162.6
62.598082 29.744726 1317720920263 162.6
62.598082 29.744726 1317720922258 162.6
62.598082 29.744726 1317720926258 162.6
62.598082 29.744726 1317720928261 162.6
62.598082 29.744726 1317720930260 162.6
62.598082 29.744726 1317720932260 162.6
62.598082 29.744726 1317720934267 162.6
62.598082 29.744726 1317720936259 162.6
62.598082 29.744726 1317720938260 162.6
62.598082 29.744726 1317720942260 162.6
62.598082 29.744726 1317720944258 162.6
62.598082 29.744726 1317720946258 162.6
62.598082 29.744726 1317720948258 162.6
62.598082 29.744726 1317720950260 162.6
62.598082 29.744726 1317720952259 162.6
62.598082 29.744726 1317720954259 162.6
62.598082 29.744726 1317720958263 162.6
62.598082 29.744726 1317720960259 162.6
62.598082 29.744726 1317720962259 162.6
62.598082 29.744726 1317720964258 162.6
62.598082 29.744726 1317720966266 162.6
62.598082 29.744726 1317720968260 162.6
62.598082 29.744726 1317720970260 162.6
62.598082 29.744726 1317720974258 162.6
62.598082 29.744726 1317720976258 162.6
62.598082 29.744726 1317720978259 162.6
62.598082 29.744726 1317720980260 162.6
62.598082 29.744726 1317720982258 162.6
62.598082 29.744726 1317720984263 162.6
62.598082 29.744726 1317720986258 162.6
62.598082 29.744726 1317720990263 162.6
62.598082 29.744726 1317720992257 162.6
62.598082 29.744726 1317720994258 162.6
62.598082 29.744726 1317720996260 162.6
62.598082 29.744726 1317720998267 162.6
62.598082 29.744726 1317721000261 162.6
62.598082 29.744726 1317721002260 162.6
62.598082 29.744726 1317721006261 162.6
62.598082 29.744726 1317721008281 162.6
62.598082 29.744726 1317721010258 162.6
62.598082 29.744726 1317721013177 162.6
62.598082 29.744726 1317721014258 162.6
62.598082 29.744726 1317721016257 162.6
62.598082 29.744726 1317721018262 162.6
62.598082 29.744726 1317721022263 162.6
62.598082 29.744726 1317721024265 162.6
62.598082 29.744726 1317721026265 162.6
62.598082 29.744726 1317721028259 162.6
62.598082 29.744726 1317721030264 162.6
62.598082 29.744726 1317721032267 162.6
62.598082 29.744726 1317721034272 162.6
62.598082 29.744726 1317721038258 162.6
62.598082 29.744726 1317721040258 162.6
62.598082 29.744726 1317721042258 162.6
62.598082 29.744726 1317721044258 162.6
62.598082 29.744726 1317721046260 162.6
62.598082 29.744726 1317721048272 162.6
62.598082 29.744726 1317721050260 162.6
62.598082 29.744726 1317721054261 162.6
62.598082 29.744726 1317721056265 162.6
62.598082 29.744726 1317721058270 162.6
62.598082 29.744726 1317721060260 162.6
62.598082 29.744726 1317721062259 162.6
62.598082 29.744726 1317721064267 162.6
62.598082 29.744726 1317721066404 162.6
62.598082 29.744726 1317721070262 162.6
62.598082 29.744726 1317721072258 162.6
62.598082 29.744726 1317721074266 162.6
62.598082 29.744726 1317721076258 162.6
62.598082 29.744726 1317721078262 162.6
62.598082 29.744726 1317721080308 162.6
62.598082 29.744726 1317721082290 162.6