62.590097 29.740108 1326877679263 0.0
62.590358 29.740367 1326877683291 0.0
62.590395 29.740462 1326877685345 0.0
62.59043 29.740521 1326877687348 0.0
62.590514 29.740633 1326877689565 0.0
62.590705 29.740854 1326877691601 0.0
62.590825 29.74112 1326877693685 0.0
62.596099 29.745638 1326877695808 0.0
62.596225 29.745657 1326877699865 0.0
62.596354 29.745596 1326877701917 0.0
62.59657 29.745567 1326877703952 0.0
62.597379 29.745637 1326877705983 0.0
62.597985 29.745536 1326877708020 0.0
62.598109 29.745593 1326877710044 0.0
62.598629 29.745671 1326877712066 0.0
62.599449 29.744492 1326877716155 0.0
62.599515 29.744452 1326877718283 0.0
62.60019 29.743486 1326877720374 0.0
62.600481 29.743156 1326877722408 0.0
62.600977 29.743338 1326877724416 0.0
62.601202 29.743142 1326877726491 0.0
62.601316 29.743297 1326877728514 0.0
62.601582 29.743227 1326877732600 0.0
62.601749 29.74307 1326877734622 0.0
62.60196 29.743116 1326877736679 0.0
62.601979 29.743233 1326877738701 0.0
62.602181 29.74305 1326877740739 0.0
62.602284 29.743261 1326877742759 0.0
62.602488 29.743222 1326877744780 0.0
62.602776 29.743231 1326877748913 0.0
62.60286 29.743307 1326877750939 0.0
62.603095 29.743236 1326877753043 0.0
62.603314 29.743381 1326877755060 0.0
62.603456 29.74317 1326877757068 0.0
62.603558 29.743345 1326877759077 0.0
62.603812 29.743178 1326877763095 0.0
62.603974 29.74323 1326877765122 0.0
62.604076 29.743149 1326877767132 0.0
62.604141 29.743306 1326877769147 0.0
62.604201 29.743242 1326877771166 0.0
62.604354 29.743167 1326877773193 0.0
62.604568 29.743234 1326877775215 0.0
62.604771 29.743271 1326877779269 0.0
62.604851 29.74322 1326877781582 0.0
62.605075 29.743396 1326877783608 0.0
62.605253 29.743192 1326877785617 0.0
62.605366 29.743045 1326877787628 0.0
62.605524 29.743194 1326877789637 0.0
62.605567 29.743265 1326877791645 0.0
62.605701 29.743304 1326877795663 0.0
62.605754 29.743183 1326877797672 0.0
62.605813 29.743291 1326877799681 0.0
62.605956 29.743115 1326877801689 0.0
62.606053 29.743171 1326877803696 0.0
62.606185 29.74332 1326877805704 0.0
62.606357 29.743177 1326877807713 0.0
62.606766 29.74329 1326877811731 0.0
62.606922 29.743115 1326877813935 0.0
62.607061 29.743216 1326877816058 0.0
62.6072 29.743304 1326877818077 0.0
62.607295 29.743227 1326877820124 0.0
62.60738 29.743169 1326877822141 0.0
62.607518 29.743229 1326877824160 0.0
62.60775 29.743347 1326877828569 0.0
62.607877 29.743365 1326877830587 0.0
62.60795 29.743236 1326877832596 0.0
62.607962 29.743319 1326877834605 0.0
62.608048 29.743391 1326877836614 0.0
62.608187 29.743247 1326877838623 0.0
62.608354 29.743203 1326877840633 0.0
62.608813 29.743268 1326877845589 0.0
62.590073 29.740061 1326877847595 0.0
62.590073 29.740061 1326877849865 0.0
62.590073 29.740061 1326877851872 0.0
62.590073 29.740061 1326877853875 0.0
62.590073 29.740061 1326877855967 0.0
62.590073 29.740061 1326877859995 0.0
62.590073 29.740061 1326877862000 0.0
62.590073 29.740061 1326877864004 0.0
62.590073 29.740061 1326877866014 0.0
62.590073 29.740061 1326877868017 0.0
62.590073 29.740061 1326877880328 0.0
62.590073 29.740061 1326877882482 0.0
62.590073 29.740061 1326877884785 0.0
62.590073 29.740061 1326877886941 0.0
62.590146 29.740202 1326877889247 0.0
62.590375 29.740415 1326877893388 0.0
62.590451 29.740555 1326877897526 0.0
62.590606 29.740736 1326877899609 0.0
62.590806 29.740997 1326877901736 0.0
62.590826 29.741213 1326877904052 0.0
62.590836 29.741495 1326877906330 0.0
62.596211 29.74563 1326877908534 0.0
62.596313 29.745611 1326877910621 0.0
62.598028 29.745507 1326877914917 0.0
62.59818 29.745662 1326877917310 0.0
62.598296 29.745577 1326877919392 0.0
62.598468 29.745764 1326877921488 0.0
62.598524 29.745732 1326877923690 0.0
62.598594 29.745691 1326877925925 0.0