62.590073 29.740061 1326878921902 0.0
62.590346 29.74034 1326878925928 0.0
62.590387 29.740448 1326878927975 0.0
62.590417 29.740501 1326878929978 0.0
62.590467 29.74058 1326878932015 0.0
62.59067 29.740808 1326878934028 0.0
62.590818 29.741014 1326878936051 0.0
62.590827 29.741239 1326878938059 0.0
62.590927 29.741535 1326878942077 0.0
62.590953 29.741673 1326878944085 0.0
62.591038 29.741736 1326878946092 0.0
62.591181 29.74188 1326878948102 0.0
62.591285 29.74209 1326878950108 0.0
62.59149 29.742273 1326878952114 0.0
62.591664 29.742302 1326878954119 0.0
62.591985 29.742601 1326878958126 0.0
62.592112 29.742664 1326878960131 0.0
62.592135 29.742731 1326878962136 0.0
62.592335 29.742786 1326878964140 0.0
62.592573 29.742959 1326878966143 0.0
62.592759 29.743027 1326878968147 0.0
62.592916 29.743154 1326878970398 0.0
62.598449 29.745753 1326878974429 0.0
62.598514 29.745738 1326878976484 0.0
62.59857 29.745705 1326878978509 0.0
62.598626 29.745673 1326878980539 0.0
62.598682 29.74564 1326878982547 0.0
62.59872 29.745466 1326878984573 0.0
62.598938 29.745411 1326878986601 0.0
62.599107 29.745018 1326878990699 0.0
62.599251 29.74477 1326878992716 0.0
62.599377 29.744552 1326878994736 0.0
62.599595 29.7444 1326878996852 0.0
62.599812 29.744239 1326878998884 0.0
62.599925 29.744116 1326879000908 0.0
62.60002 29.74409 1326879002933 0.0
62.600101 29.743753 1326879007190 0.0
62.600167 29.743665 1326879009230 0.0
62.600211 29.743443 1326879011248 0.0
62.600324 29.74334 1326879018075 0.0
62.600821 29.743434 1326879022120 0.0
62.600884 29.743332 1326879024158 0.0
62.600955 29.743281 1326879026569 0.0
62.600955 29.743281 1326879029765 0.0
62.601325 29.743303 1326879035356 0.0
62.601788 29.743067 1326879039396 0.0
62.601975 29.743136 1326879041417 0.0
62.602007 29.743215 1326879043445 0.0
62.602209 29.743066 1326879045482 0.0
62.602315 29.743274 1326879047511 0.0
62.602513 29.743231 1326879049537 0.0
62.60277 29.743222 1326879053863 0.0
62.602906 29.743288 1326879056040 0.0
62.603146 29.743277 1326879058056 0.0
62.603347 29.743325 1326879060077 0.0
62.603478 29.743214 1326879062085 0.0
62.603512 29.743284 1326879064096 0.0
62.603512 29.743284 1326879066130 0.0