62.590098 29.740108 1326875947364 0.0
62.590213 29.74027 1326875949368 0.0
62.590357 29.740367 1326875951465 0.0
62.590395 29.740462 1326875953613 0.0
62.590429 29.74052 1326875955646 0.0
62.590516 29.740635 1326875957751 0.0
62.590825 29.741073 1326875961795 0.0
62.590827 29.741303 1326875963805 0.0
62.590877 29.741513 1326875965840 0.0
62.590942 29.741603 1326875967859 0.0
62.590995 29.741708 1326875969866 0.0
62.59111 29.741808 1326875971885 0.0
62.591235 29.741987 1326875973944 0.0
62.591581 29.742293 1326875977955 0.0
62.591762 29.742405 1326875979960 0.0