62.590073 29.740061 1326877249248 0.0
62.590168 29.740246 1326877251262 0.0
62.590347 29.74034 1326877253265 0.0
62.590387 29.740447 1326877255319 0.0
62.590417 29.7405 1326877257325 0.0
62.590672 29.74081 1326877261350 0.0
62.590819 29.741016 1326877263354 0.0
62.590827 29.741241 1326877265358 0.0
62.590829 29.741482 1326877267361 0.0
62.590928 29.741535 1326877269385 0.0
62.590953 29.741674 1326877271411 0.0
62.591829 29.742484 1326877273443 0.0
62.592574 29.74296 1326877277620 0.0
62.59276 29.743027 1326877279691 0.0
62.592878 29.743118 1326877281744 0.0
62.593059 29.74329 1326877283748 0.0
62.592991 29.743226 1326877285857 0.0
62.595648 29.745728 1326877287869 0.0
62.597765 29.745397 1326877290045 0.0
62.603262 29.743371 1326877294102 0.0
62.603411 29.743214 1326877296153 0.0
62.604565 29.743236 1326877298247 0.0
62.605584 29.743252 1326877300283 0.0
62.605688 29.743231 1326877302325 0.0
62.604742 29.743171 1326877304381 0.0
62.603727 29.743151 1326877306483 0.0
62.604154 29.743291 1326877314311 0.0
62.602931 29.743278 1326877316316 0.0
62.603152 29.743282 1326877318338 0.0
62.602247 29.743163 1326877320359 0.0
62.602403 29.743247 1326877322390 0.0
62.602541 29.743292 1326877324418 0.0
62.60198 29.743236 1326877326446 0.0
62.60193 29.743108 1326877330538 0.0
62.601979 29.743216 1326877332569 0.0
62.602201 29.743044 1326877334672 0.0
62.602299 29.743279 1326877336776 0.0
62.602508 29.743221 1326877338809 0.0
62.602578 29.743359 1326877340818 0.0
62.602767 29.743218 1326877342822 0.0
62.60308 29.743224 1326877346832 0.0
62.603304 29.743398 1326877348836 0.0
62.603449 29.743156 1326877350840 0.0
62.603553 29.743361 1326877352845 0.0
62.603627 29.743119 1326877354849 0.0
62.603801 29.743174 1326877356852 0.0
62.603966 29.743237 1326877358858 0.0
62.604137 29.743308 1326877362864 0.0
62.60419 29.743249 1326877364869 0.0
62.604338 29.743163 1326877366872 0.0
62.590073 29.740061 1326877368877 0.0
62.590144 29.7402 1326877370880 0.0
62.595387 29.745557 1326877372884 0.0
62.595564 29.745658 1326877374889 0.0
62.595787 29.745582 1326877378924 0.0
62.595917 29.745562 1326877380942 0.0
62.596017 29.745565 1326877382967 0.0
62.596609 29.74562 1326877385024 0.0
62.597217 29.745584 1326877387040 0.0
62.597371 29.745626 1326877389067 0.0
62.597622 29.745548 1326877393317 0.0
62.597714 29.74539 1326877395374 0.0
62.597883 29.745541 1326877397407 0.0
62.59802 29.745512 1326877399452 0.0
62.598143 29.745644 1326877401498 0.0
62.598256 29.745578 1326877403526 0.0
62.598426 29.745727 1326877405551 0.0
62.598563 29.745709 1326877409617 0.0
62.598633 29.745669 1326877411740 0.0
62.598688 29.74563 1326877413770 0.0
62.598731 29.745448 1326877415892 0.0
62.598963 29.745401 1326877417919 0.0
62.599098 29.745222 1326877419951 0.0
62.599111 29.744986 1326877421956 0.0
62.599393 29.744526 1326877426057 0.0
62.59957 29.744418 1326877428079 0.0
62.599799 29.744254 1326877430109 0.0
62.599914 29.744117 1326877432138 0.0
62.600022 29.744061 1326877434277 0.0
62.60005 29.743872 1326877436301 0.0
62.600113 29.743741 1326877438324 0.0
62.600248 29.743409 1326877442376 0.0
62.60044 29.743221 1326877444405 0.0
62.600553 29.743138 1326877446427 0.0
62.600729 29.743196 1326877448451 0.0
62.600761 29.743266 1326877450473 0.0
62.600814 29.743438 1326877452498 0.0
62.600861 29.743376 1326877454526 0.0
62.600972 29.743361 1326877458554 0.0
62.601026 29.743294 1326877460577 0.0
62.601236 29.743167 1326877462604 0.0
62.601329 29.743298 1326877464626 0.0
62.601401 29.743256 1326877466652 0.0
62.601629 29.743193 1326877468663 0.0
62.601854 29.743086 1326877470808 0.0