62.590073 29.740061 1326876906653 0.0
62.590347 29.74034 1326876910678 0.0
62.590388 29.740448 1326876912722 0.0
62.590417 29.740501 1326876914733 0.0
62.590467 29.74058 1326876916737 0.0
62.590675 29.740814 1326876918741 0.0
62.590821 29.741018 1326876920745 0.0
62.590827 29.741244 1326876922748 0.0
62.590937 29.741569 1326876926939 0.0
62.590973 29.741693 1326876928967 0.0
62.591074 29.741771 1326876931011 0.0
62.593456 29.744018 1326876933089 0.0
62.593573 29.744146 1326876935137 0.0
62.593749 29.744279 1326876937169 0.0
62.596064 29.745551 1326876939228 0.0
62.596555 29.745547 1326876943269 0.0
62.600767 29.743288 1326876945364 0.0
62.600816 29.743437 1326876947470 0.0
62.60087 29.743358 1326876949511 0.0
62.600951 29.743262 1326876951541 0.0
62.600973 29.743359 1326876953587 0.0
62.601048 29.743275 1326876955617 0.0
62.601332 29.743294 1326876959694 0.0
62.601424 29.743252 1326876961731 0.0
62.601644 29.743177 1326876963756 0.0
62.60182 29.743077 1326876965776 0.0
62.601976 29.743154 1326876967813 0.0
62.60204 29.743184 1326876969845 0.0
62.602247 29.743163 1326876971993 0.0
62.602541 29.743292 1326876976077 0.0
62.602672 29.743288 1326876978112 0.0
62.602734 29.743239 1326876980178 0.0
62.602734 29.743239 1326876982205 0.0
62.602734 29.743239 1326876984208 0.0
62.602734 29.743239 1326876986214 0.0
62.602734 29.743239 1326876988217 0.0
62.602734 29.743239 1326876992224 0.0
62.602734 29.743239 1326876994228 0.0
62.602734 29.743239 1326876996232 0.0
62.602734 29.743239 1326876998236 0.0
62.602734 29.743239 1326877000240 0.0
62.602734 29.743239 1326877002244 0.0
62.602734 29.743239 1326877004248 0.0