62.590073 29.740061 1327478450896 0.0
62.590169 29.740247 1327478452972 0.0
62.590388 29.740449 1327478456983 0.0
62.590417 29.740501 1327478458987 0.0
62.590467 29.74058 1327478461022 0.0
62.590675 29.740813 1327478463042 0.0
62.596045 29.745557 1327478465068 0.0
62.596079 29.745632 1327478467090 0.0
62.596169 29.745499 1327478469111 0.0
62.596296 29.74562 1327478473154 0.0
62.596486 29.745561 1327478475177 0.0
62.596673 29.745706 1327478477199 0.0
62.596746 29.745774 1327478479227 0.0
62.59686 29.745759 1327478481252 0.0
62.597029 29.745683 1327478483275 0.0
62.597234 29.745575 1327478485298 0.0
62.597493 29.74556 1327478489340 0.0
62.597604 29.745536 1327478491361 0.0
62.597699 29.745426 1327478493383 0.0
62.59785 29.7455 1327478495405 0.0
62.598029 29.745506 1327478497440 0.0
62.598152 29.745656 1327478499501 0.0
62.598263 29.745569 1327478501555 0.0
62.598511 29.745739 1327478505596 0.0
62.598567 29.745707 1327478507618 0.0
62.598623 29.745675 1327478509642 0.0
62.598679 29.745642 1327478511663 0.0
62.598718 29.745476 1327478513686 0.0
62.598925 29.745413 1327478515711 0.0
62.599077 29.745257 1327478517732 0.0
62.599244 29.74478 1327478521793 0.0
62.599372 29.744561 1327478523815 0.0
62.59954 29.744436 1327478525836 0.0
62.599762 29.744281 1327478527860 0.0
62.599895 29.744139 1327478529865 0.0
62.6 29.744113 1327478531899 0.0
62.600032 29.743943 1327478533903 0.0
62.600152 29.743697 1327478537945 0.0
62.600208 29.743445 1327478540022 0.0
62.600425 29.743244 1327478542080 0.0
62.600513 29.743126 1327478544085 0.0
62.600725 29.743192 1327478546107 0.0
62.600751 29.743224 1327478548130 0.0
62.600808 29.743442 1327478550152 0.0
62.600944 29.743222 1327478554195 0.0
62.600971 29.743367 1327478556215 0.0
62.600984 29.74333 1327478558236 0.0
62.601217 29.743136 1327478560257 0.0
62.601323 29.743306 1327478562280 0.0
62.601359 29.743263 1327478564300 0.0
62.6016 29.743222 1327478566321 0.0
62.601974 29.743122 1327478570379 0.0
62.601982 29.74324 1327478572413 0.0
62.602198 29.743036 1327478574436 0.0
62.602293 29.743281 1327478576463 0.0
62.602523 29.743253 1327478578492 0.0
62.60262 29.743327 1327478580516 0.0
62.602781 29.743241 1327478582536 0.0
62.60313 29.743264 1327478586559 0.0
62.603336 29.743343 1327478588568 0.0
62.603472 29.743202 1327478590577 0.0
62.603569 29.743307 1327478592586 0.0
62.603665 29.743131 1327478594600 0.0
62.603838 29.743188 1327478596624 0.0
62.60399 29.743215 1327478598634 0.0