62.590144 29.740199 1327834421003 0.0
62.590302 29.740317 1327834423011 0.0
62.590377 29.740421 1327834425015 0.0
62.59041 29.740488 1327834427020 0.0
62.590454 29.74056 1327834429024 0.0
62.596033 29.74556 1327834433061 0.0
62.596076 29.745614 1327834435084 0.0
62.59615 29.745536 1327834437164 0.0
62.596208 29.745556 1327834439174 0.0
62.596276 29.74563 1327834441194 0.0
62.596449 29.745571 1327834443205 0.0
62.596644 29.745667 1327834445217 0.0
62.596835 29.745763 1327834449236 0.0
62.597002 29.745699 1327834451252 0.0
62.597203 29.745591 1327834453259 0.0
62.597364 29.745616 1327834455269 0.0
62.597477 29.745588 1327834457277 0.0
62.597589 29.745527 1327834459288 0.0
62.597686 29.745455 1327834461295 0.0
62.59798 29.74554 1327834465367 0.0
62.5981 29.745579 1327834467444 0.0
62.598242 29.745593 1327834469488 0.0
62.598404 29.745701 1327834471496 0.0
62.5985 29.745746 1327834473507 0.0
62.598556 29.745713 1327834475518 0.0
62.598613 29.745681 1327834477526 0.0
62.598711 29.745511 1327834481553 0.0
62.598873 29.745422 1327834483590 0.0
62.599043 29.745301 1327834485679 0.0
62.599104 29.745089 1327834487722 0.0
62.599203 29.744844 1327834489745 0.0
62.599341 29.744616 1327834491754 0.0
62.599495 29.744464 1327834493770 0.0
62.599865 29.744175 1327834497809 0.0
62.599974 29.744114 1327834499817 0.0
62.600028 29.743995 1327834501826 0.0
62.60007 29.743823 1327834503836 0.0
62.600135 29.743716 1327834505843 0.0
62.600181 29.743556 1327834507852 0.0
62.600317 29.743346 1327834509982 0.0
62.600676 29.743176 1327834514101 0.0
62.600743 29.743209 1327834516109 0.0
62.600794 29.743393 1327834518118 0.0
62.600831 29.743427 1327834520127 0.0
62.600919 29.743262 1327834522136 0.0
62.600964 29.743334 1327834524146 0.0
62.600975 29.743344 1327834526156 0.0
62.601297 29.743266 1327834530194 0.0
62.601346 29.743274 1327834532209 0.0
62.601539 29.743234 1327834534233 0.0
62.60172 29.743099 1327834536264 0.0
62.601921 29.743105 1327834538311 0.0
62.601978 29.743211 1327834540342 0.0
62.602143 29.743087 1327834542365 0.0
62.602452 29.743233 1327834546433 0.0
62.602555 29.743324 1327834548492 0.0
62.602714 29.743255 1327834550521 0.0
62.602828 29.743317 1327834552543 0.0
62.603069 29.743223 1327834554611 0.0
62.603296 29.743398 1327834556648 0.0
62.603443 29.74316 1327834558673 0.0
62.603623 29.743127 1327834562721 0.0
62.603794 29.743172 1327834564746 0.0
62.60396 29.743235 1327834566771 0.0
62.604067 29.743141 1327834568803 0.0
62.604135 29.743303 1327834570825 0.0
62.604189 29.743251 1327834572848 0.0
62.604333 29.743166 1327834574877 0.0