62.601856 29.74397 1329920999311 0.0
62.601705 29.743997 1329921001150 0.0
62.601631 29.744001 1329921003120 0.0
62.601586 29.744024 1329921007008 0.0
62.601426 29.744099 1329921008235 0.0
62.601219 29.744407 1329921011123 0.0
62.601344 29.744558 1329921013127 0.0
62.601176 29.744733 1329921015128 0.0
62.601278 29.744887 1329921017143 0.0
62.601463 29.744916 1329921019123 0.0
62.601384 29.744958 1329921021124 0.0
62.601256 29.745088 1329921023123 0.0
62.601234 29.74525 1329921027128 0.0
62.601342 29.745296 1329921029122 0.0
62.601153 29.745381 1329921031123 0.0
62.601311 29.745385 1329921033121 0.0
62.601369 29.745445 1329921035124 0.0
62.601206 29.745635 1329921037123 0.0
62.601236 29.745782 1329921039128 0.0
62.601394 29.746103 1329921043123 0.0
62.601337 29.746237 1329921045123 0.0
62.601177 29.746402 1329921047129 0.0
62.601314 29.746438 1329921049123 0.0
62.601401 29.746517 1329921051123 0.0
62.601262 29.746647 1329921053123 0.0
62.601328 29.746716 1329921055123 0.0
62.601376 29.746882 1329921059129 0.0
62.601213 29.747031 1329921061127 0.0
62.601339 29.747116 1329921063123 0.0
62.60128 29.747229 1329921065123 0.0
62.601284 29.747375 1329921067122 0.0
62.601317 29.747544 1329921069124 0.0
62.601296 29.74771 1329921071129 0.0
62.601272 29.747849 1329921075130 0.0
62.601457 29.747942 1329921077127 0.0
62.601389 29.748011 1329921079123 0.0
62.601335 29.748185 1329921081127 0.0
62.601332 29.748273 1329921083122 0.0
62.601154 29.748423 1329921085123 0.0
62.601273 29.748549 1329921087123 0.0
62.601314 29.748784 1329921091159 0.0
62.601468 29.74896 1329921093122 0.0
62.601262 29.748986 1329921097119 0.0
62.601459 29.749207 1329921099124 0.0
62.601419 29.749343 1329921101122 0.0
62.601263 29.749507 1329921103124 0.0
62.601289 29.749656 1329921107206 0.0
62.601338 29.749811 1329921109191 0.0
62.601163 29.74998 1329921111199 0.0
62.601251 29.749982 1329921113137 0.0
62.601385 29.749988 1329921115153 0.0
62.601326 29.750138 1329921117182 0.0
62.601133 29.750206 1329921119221 0.0
62.601285 29.750265 1329921123158 0.0
62.601409 29.750268 1329921125126 0.0
62.601261 29.750274 1329921127126 0.0
62.601296 29.750315 1329921129151 0.0
62.60134 29.750326 1329921131153 0.0
62.601147 29.750412 1329921133184 0.0
62.60128 29.750477 1329921135153 0.0
62.601472 29.750743 1329921139226 0.0
62.601472 29.750923 1329921141129 0.0
62.601284 29.750936 1329921143149 0.0
62.601393 29.751077 1329921145345 0.0
62.601237 29.751214 1329921147148 0.0
62.601322 29.751292 1329921149160 0.0
62.601254 29.751314 1329921151264 0.0
62.601252 29.751419 1329921157157 0.0
62.601385 29.751504 1329921159170 0.0
62.601197 29.751533 1329921161204 0.0
62.601344 29.751683 1329921163153 0.0
62.60122 29.751728 1329921165152 0.0
62.601308 29.751803 1329921167229 0.0