62.614399 29.828394 1330258035890 108.4
62.614435 29.828392 1330258037950 106.6
62.614441 29.828406 1330258039872 105.3
62.614438 29.828405 1330258041893 104.6
62.614435 29.828409 1330258043866 104.3
62.614436 29.828416 1330258045876 103.4
62.614424 29.828362 1330258047875 100.7
62.614416 29.82833 1330258051871 98.9
62.61437 29.828244 1330258053871 98.1
62.614383 29.828248 1330258055870 97.6
62.614388 29.828257 1330258057874 97.5
62.614405 29.82827 1330258059872 97.2
62.614405 29.828277 1330258061870 97.2
62.614393 29.828287 1330258063865 97.0
62.614392 29.828304 1330258067898 96.5
62.614409 29.828361 1330258069887 97.7
62.614415 29.828387 1330258071870 98.2
62.614367 29.828312 1330258073877 98.5
62.614363 29.82831 1330258075881 98.5
62.614371 29.828325 1330258077867 98.5
62.614387 29.828355 1330258079945 98.6
62.614436 29.828413 1330258083887 98.7
62.614445 29.828428 1330258085867 99.0
62.614457 29.828454 1330258087887 98.4
62.61446 29.828437 1330258089868 96.4
62.614477 29.828473 1330258091867 96.1
62.614499 29.82854 1330258093876 95.6
62.614506 29.828555 1330258095871 95.0
62.614516 29.828576 1330258099890 92.8
62.614457 29.828484 1330258101866 91.9
62.614462 29.828471 1330258103890 89.8
62.614467 29.828454 1330258105872 89.1
62.614454 29.828414 1330258107874 88.3
62.614479 29.828419 1330258109869 88.6
62.614489 29.828389 1330258111871 87.6
62.614528 29.828469 1330258115867 87.6
62.614539 29.828492 1330258117948 88.1
62.61452 29.828444 1330258119889 88.5
62.614514 29.828434 1330258121874 89.0
62.614492 29.82843 1330258123876 91.3
62.614492 29.82844 1330258125867 91.5
62.614475 29.828413 1330258127869 92.5
62.614447 29.828401 1330258131872 92.1
62.61447 29.828374 1330258133887 90.9
62.614475 29.828358 1330258135867 90.2
62.614448 29.828368 1330258137867 89.0
62.614446 29.828378 1330258139873 88.8
62.614446 29.828376 1330258141866 88.6
62.614451 29.828388 1330258143873 88.7
62.614459 29.828399 1330258147873 87.9
62.614477 29.828415 1330258149869 87.5
62.614495 29.828417 1330258151884 87.0
62.614502 29.828402 1330258153877 85.6
62.614504 29.828438 1330258155873 84.6
62.614496 29.828392 1330258157940 82.2
62.614487 29.82838 1330258159868 81.6
62.61447 29.8283 1330258163883 78.7
62.61447 29.8283 1330258165869 75.6
62.614448 29.82814 1330258167868 75.1
62.614386 29.828088 1330258169868 73.9
62.614397 29.828164 1330258171869 75.0
62.614398 29.828174 1330258173866 75.2
62.614398 29.828176 1330258175874 75.5
62.614381 29.828167 1330258179877 74.9
62.614392 29.828177 1330258181875 74.2
62.614415 29.828158 1330258183874 74.5
62.614455 29.82813 1330258185888 75.4
62.614475 29.828129 1330258187898 76.0
62.614473 29.828142 1330258189870 76.2
62.614458 29.828126 1330258191867 76.1
62.614458 29.828171 1330258195866 76.5
62.614456 29.828187 1330258197871 76.6
62.614448 29.828201 1330258199876 76.8
62.614427 29.828208 1330258201867 77.5
62.614417 29.828225 1330258203867 78.0
62.614398 29.828291 1330258205903 79.5
62.614402 29.82828 1330258207890 79.8
62.614404 29.828256 1330258211881 80.5
62.614401 29.828264 1330258213877 80.6
62.614411 29.828268 1330258215872 81.5
62.614416 29.828281 1330258217867 82.0
62.614412 29.828298 1330258219886 82.6
62.614412 29.828312 1330258221871 82.6
62.614415 29.82832 1330258223893 82.5
62.614415 29.828328 1330258227884 82.1
62.614412 29.82833 1330258229887 82.1
62.614414 29.828334 1330258231878 82.4
62.614412 29.828334 1330258233871 82.5
62.614413 29.828334 1330258235870 82.5
62.614414 29.828334 1330258237867 82.5
62.614419 29.828345 1330258239865 82.5
62.61441 29.82834 1330258243884 82.3
62.61441 29.828326 1330258245866 82.2
62.614407 29.828319 1330258247867 82.2
62.614457 29.828344 1330258249873 81.8
62.614471 29.828354 1330258251874 81.7
62.614474 29.82837 1330258253865 81.5
62.614471 29.828357 1330258255868 81.5
62.614453 29.828328 1330258259870 81.5
62.614447 29.828323 1330258261878 81.4
62.614449 29.828315 1330258263871 81.4
62.614453 29.828314 1330258265871 81.3
62.614445 29.828313 1330258267867 81.1
62.614451 29.828314 1330258269868 81.2
62.614443 29.828304 1330258271872 81.3
62.614417 29.828295 1330258275875 80.8
62.614411 29.828298 1330258277872 81.2
62.614416 29.828319 1330258279868 82.7
62.614422 29.828302 1330258281871 82.7
62.614446 29.828283 1330258283872 82.0
62.614462 29.828241 1330258285867 81.1
62.614465 29.828232 1330258287867 80.4
62.614476 29.828217 1330258291871 79.0
62.614485 29.828201 1330258293872 78.8
62.614499 29.828183 1330258295872 78.7
62.614478 29.828158 1330258297872 78.8
62.614488 29.8281 1330258299870 79.1
62.614501 29.82808 1330258301903 78.8
62.614501 29.82808 1330258303869 78.4
62.614469 29.828119 1330258307871 77.9
62.614445 29.828119 1330258309867 76.8
62.614456 29.828102 1330258311866 77.5
62.614453 29.828088 1330258313871 77.5
62.614431 29.828098 1330258315868 77.4
62.614418 29.828102 1330258317872 77.4
62.614392 29.828136 1330258319872 76.9
62.614383 29.828132 1330258323869 77.1
62.614414 29.828172 1330258325882 77.1
62.614427 29.828172 1330258327872 77.2
62.614429 29.828169 1330258329888 77.3
62.614416 29.828186 1330258331868 77.4
62.614406 29.8282 1330258333894 77.5
62.614399 29.828227 1330258335868 77.6
62.614398 29.82828 1330258339873 78.5
62.61437 29.828264 1330258341879 70.1
62.614348 29.828261 1330258343867 66.4
62.614341 29.828266 1330258345900 67.0
62.61434 29.828268 1330258347869 66.8
62.614314 29.828247 1330258349901 66.0
62.614316 29.828227 1330258351865 64.9
62.614302 29.828189 1330258355867 64.3
62.614317 29.828212 1330258357877 64.7
62.614348 29.828225 1330258359903 66.2
62.614347 29.828221 1330258361872 66.4
62.614367 29.82821 1330258363900 69.6
62.614553 29.828333 1330258365871 72.9
62.61454 29.828334 1330258367895 74.2
62.614448 29.82827 1330258371869 74.3
62.614431 29.82825 1330258373913 74.1
62.614425 29.828242 1330258375867 73.7
62.614422 29.828242 1330258377874 73.7
62.614412 29.828247 1330258379885 73.6
62.61441 29.828246 1330258381871 73.5
62.614393 29.828257 1330258383868 73.8
62.61438 29.82826 1330258387865 74.1
62.614375 29.828269 1330258389892 74.8
62.614375 29.828276 1330258391864 75.3
62.614369 29.828285 1330258393870 76.4
62.614367 29.828294 1330258395872 77.1
62.61436 29.828293 1330258397873 77.2
62.614355 29.828303 1330258399873 77.6
62.61436 29.828325 1330258403868 78.7
62.614358 29.828326 1330258405867 79.0
62.614352 29.828324 1330258407866 79.2
62.614347 29.82832 1330258409868 79.0
62.614346 29.828319 1330258411867 79.0
62.61435 29.828317 1330258413867 79.3
62.61435 29.828312 1330258415871 79.7
62.614362 29.828307 1330258419866 80.2
62.614352 29.828298 1330258421902 80.1
62.61436 29.828299 1330258423871 80.5
62.614362 29.828296 1330258425878 80.6
62.614359 29.828289 1330258427867 80.6
62.614353 29.828274 1330258429867 80.7
62.614354 29.828272 1330258431866 80.6
62.614386 29.828288 1330258435867 81.0
62.61436 29.828268 1330258437872 81.6
62.614364 29.828269 1330258439867 81.7
62.614375 29.828282 1330258441867 82.0
62.614383 29.828293 1330258443871 82.6
62.614447 29.828388 1330258445871 83.7
62.614498 29.828456 1330258447895 84.5
62.614541 29.828508 1330258451867 85.4
62.614497 29.828473 1330258453872 85.5
62.6145 29.828476 1330258455873 85.1
62.614486 29.828435 1330258457871 85.0
62.614483 29.82843 1330258459871 85.0
62.61451 29.828438 1330258461872 84.7
62.614561 29.828442 1330258463867 84.3
62.614564 29.828334 1330258467872 83.8
62.61456 29.828324 1330258469868 84.0
62.61456 29.828319 1330258471867 84.0
62.614561 29.82831 1330258473873 84.1
62.614558 29.828312 1330258475869 84.2
62.614541 29.828282 1330258477866 84.3
62.614537 29.828264 1330258479873 84.4
62.614483 29.828252 1330258483879 84.6
62.614463 29.828259 1330258485866 84.3
62.614487 29.828297 1330258487870 84.4
62.614498 29.828361 1330258489864 83.7
62.614494 29.828384 1330258491867 83.3
62.614488 29.828443 1330258493873 83.3
62.61447 29.828448 1330258495869 83.7
62.614455 29.828393 1330258499866 85.1
62.614453 29.82839 1330258501872 85.1
62.614398 29.828292 1330258503867 85.1
62.614386 29.828259 1330258505867 85.2
62.614357 29.828219 1330258507866 85.1
62.614314 29.828174 1330258509872 84.1
62.61431 29.828164 1330258511872 84.1
62.614277 29.828112 1330258515867 83.8
62.614284 29.828141 1330258517872 83.8
62.614269 29.82813 1330258519866 83.5
62.614254 29.828116 1330258521867 83.6
62.614308 29.828142 1330258523866 83.5
62.61431 29.828156 1330258525872 83.6
62.614314 29.828167 1330258527871 83.6
62.614315 29.828149 1330258531872 83.7
62.614326 29.828099 1330258533866 83.0
62.614318 29.828075 1330258535873 82.6
62.614301 29.828087 1330258537872 83.0
62.614317 29.828095 1330258539872 82.5
62.614302 29.828099 1330258541872 83.0
62.614262 29.828149 1330258543869 82.2
62.614211 29.828137 1330258547872 82.0
62.614203 29.828099 1330258549868 81.8
62.614208 29.828074 1330258551867 81.7
62.614219 29.828094 1330258553866 81.4
62.614238 29.828121 1330258555871 81.2
62.61426 29.828149 1330258557867 80.7
62.614286 29.828164 1330258559871 80.5
62.614321 29.828186 1330258563867 80.5
62.614331 29.828192 1330258565868 80.5
62.614335 29.828195 1330258567865 80.5
62.614337 29.828196 1330258569869 80.5
62.614338 29.8282 1330258571867 80.4
62.614336 29.828183 1330258573871 80.2
62.614353 29.828202 1330258575876 80.3
62.614366 29.828223 1330258579872 80.7
62.614367 29.828243 1330258581886 80.9
62.614367 29.828255 1330258583872 81.0
62.614368 29.828256 1330258585868 81.0
62.61436 29.828249 1330258587870 81.0
62.61436 29.828243 1330258589872 80.9
62.61436 29.828242 1330258591866 80.9
62.61437 29.828244 1330258595878 80.6
62.614342 29.828254 1330258597879 80.6
62.614316 29.828266 1330258599876 80.5
62.614299 29.828276 1330258601872 80.4
62.614298 29.828269 1330258603867 80.2
62.614305 29.828256 1330258605872 80.2
62.614311 29.828252 1330258607873 80.2
62.614312 29.828255 1330258611867 80.1
62.614292 29.828276 1330258613876 80.0
62.614258 29.828296 1330258615867 80.0
62.614298 29.828291 1330258617867 80.0
62.614329 29.828292 1330258619876 80.1
62.614323 29.828299 1330258621867 80.0
62.614343 29.828298 1330258623875 80.1
62.614384 29.828271 1330258627867 80.1
62.614385 29.828274 1330258629872 80.1
62.614386 29.82827 1330258631873 80.1
62.61439 29.82825 1330258633872 80.2
62.614392 29.828246 1330258635867 80.2
62.614395 29.828242 1330258637867 80.2
62.614396 29.828242 1330258639872 80.1
62.614395 29.828243 1330258643866 80.1
62.614396 29.828244 1330258645867 80.1
62.614396 29.828244 1330258647868 80.1
62.614396 29.828245 1330258649866 80.1
62.614396 29.828245 1330258651866 80.1
62.614396 29.828245 1330258653866 80.2
62.614395 29.828245 1330258655875 80.2
62.614395 29.828244 1330258659866 80.2
62.614394 29.828242 1330258661873 80.2
62.614395 29.828247 1330258663866 80.3
62.614398 29.828249 1330258665867 80.3
62.61439 29.828253 1330258667866 80.3
62.614399 29.828263 1330258669872 80.2
62.614406 29.828268 1330258671866 80.1
62.614401 29.82827 1330258675867 80.1
62.6144 29.828271 1330258677868 80.1
62.6144 29.828272 1330258679866 80.1
62.614401 29.828274 1330258681867 80.1
62.614404 29.828275 1330258683870 80.1
62.614404 29.828275 1330258685872 80.1
62.614405 29.828276 1330258687866 80.1
62.614402 29.828274 1330258691868 80.2
62.614403 29.828278 1330258693872 80.2
62.614403 29.828278 1330258695872 80.2
62.614415 29.828309 1330258697871 80.1
62.614415 29.828309 1330258699876 80.1
62.614416 29.828308 1330258701867 80.1
62.614396 29.828274 1330258703867 80.3
62.61438 29.828249 1330258707902 80.4
62.614374 29.828244 1330258709867 80.5
62.614376 29.828244 1330258711868 80.5
62.614383 29.828243 1330258713872 80.5
62.614383 29.828237 1330258715882 80.5
62.614403 29.82824 1330258717873 80.6
62.614413 29.828236 1330258719875 80.6
62.614422 29.828229 1330258723866 80.7
62.614434 29.828249 1330258725868 80.7
62.61443 29.828226 1330258727866 80.7
62.614447 29.828235 1330258729876 80.6
62.614452 29.828234 1330258731866 80.6
62.614461 29.828225 1330258733872 80.5
62.614462 29.828225 1330258735873 80.4
62.614468 29.828228 1330258739867 80.4
62.614466 29.828231 1330258741872 80.4
62.614475 29.82824 1330258743872 80.5
62.614478 29.828244 1330258745872 80.6
62.614481 29.828249 1330258747872 80.6
62.614487 29.828252 1330258749872 80.7
62.61449 29.828254 1330258751872 80.8
62.614496 29.828258 1330258755867 80.9
62.614496 29.828264 1330258757871 81.0
62.614504 29.828272 1330258759873 81.0
62.614506 29.828275 1330258761866 81.1
62.614509 29.828278 1330258763871 81.1
62.61451 29.828279 1330258765876 81.1
62.614509 29.82828 1330258767866 81.2
62.614514 29.82828 1330258771870 81.2
62.61451 29.828282 1330258773872 81.4
62.614506 29.828278 1330258775872 81.5
62.614508 29.828278 1330258777872 81.5
62.614513 29.828274 1330258779872 81.3
62.614512 29.828272 1330258781872 81.8
62.614518 29.828266 1330258783872 82.0
62.614519 29.82826 1330258787871 82.7
62.614514 29.82826 1330258789866 83.3
62.614515 29.82826 1330258791865 83.4
62.614513 29.828246 1330258793872 83.1
62.614508 29.828236 1330258795872 83.3
62.614502 29.828228 1330258797873 83.3
62.614494 29.828214 1330258799872 83.5
62.614486 29.828211 1330258803867 84.1
62.614476 29.828208 1330258805872 84.1
62.614462 29.828208 1330258807868 84.2
62.614451 29.82821 1330258809867 84.8
62.61445 29.828211 1330258811866 84.9
62.614441 29.828214 1330258813867 85.1
62.614442 29.828218 1330258815867 85.2
62.614437 29.828245 1330258819872 86.4
62.614432 29.82825 1330258821871 86.4
62.614414 29.828241 1330258823865 86.4
62.614331 29.82821 1330258825872 86.5
62.614342 29.828214 1330258827873 86.6
62.614369 29.828229 1330258829874 87.0
62.614383 29.828239 1330258831872 87.2
62.614373 29.828264 1330258835866 87.1
62.614408 29.82828 1330258837872 87.3
62.614415 29.828281 1330258839877 87.2
62.614418 29.828287 1330258841872 87.3
62.614426 29.828304 1330258843866 87.0
62.614441 29.828309 1330258845867 87.1
62.614413 29.828313 1330258847866 87.7
62.614436 29.828323 1330258851866 87.6
62.614432 29.828395 1330258853871 88.2
62.614417 29.828411 1330258855867 88.5
62.614402 29.828375 1330258857869 87.5
62.614402 29.828377 1330258859879 87.7
62.61441 29.828361 1330258861872 87.9
62.61444 29.82837 1330258863884 88.9
62.614474 29.828422 1330258867866 89.6
62.61448 29.828444 1330258869872 90.6
62.614484 29.828444 1330258871871 90.6
62.614488 29.828474 1330258873872 92.0
62.614492 29.828479 1330258875866 92.6
62.614512 29.828494 1330258877866 93.0
62.614473 29.828475 1330258879871 93.4
62.614594 29.828489 1330258883866 94.0
62.614607 29.828498 1330258885872 94.4
62.614602 29.828472 1330258887873 94.2
62.614583 29.82846 1330258889875 94.3
62.614556 29.828463 1330258891871 94.8
62.614561 29.828474 1330258893869 95.7
62.614563 29.828429 1330258895873 95.1
62.614508 29.828414 1330258899866 95.7
62.614513 29.828415 1330258901867 95.8
62.614446 29.828367 1330258903871 96.3
62.614428 29.828355 1330258905872 95.8
62.614385 29.82835 1330258907873 96.0
62.614382 29.828353 1330258909872 96.1
62.614376 29.828366 1330258911872 96.4
62.614438 29.828392 1330258915866 96.3
62.614466 29.828401 1330258917873 96.3
62.614491 29.828381 1330258919867 94.9
62.614492 29.828381 1330258921865 94.8
62.614478 29.82837 1330258923872 94.5
62.614488 29.828373 1330258925872 94.4
62.614474 29.828379 1330258927873 94.7
62.61447 29.828373 1330258931866 93.6
62.614542 29.828398 1330258933872 92.9
62.614516 29.82839 1330258935872 92.7
62.614524 29.82839 1330258937873 92.8
62.614526 29.828396 1330258939872 93.2
62.614526 29.828394 1330258941872 93.2
62.61447 29.828364 1330258943867 93.0
62.614411 29.828355 1330258947871 94.2
62.614398 29.828332 1330258949872 94.5
62.61439 29.828323 1330258951872 94.5
62.61438 29.82831 1330258953867 94.4
62.614364 29.828326 1330258955873 94.2
62.614368 29.828362 1330258957872 94.6
62.614371 29.828371 1330258959872 95.8
62.6144 29.828379 1330258963871 95.4
62.61441 29.828373 1330258965866 95.3
62.614401 29.828368 1330258967865 95.7
62.614398 29.828373 1330258969872 95.6
62.614402 29.828371 1330258971872 95.4
62.614418 29.828364 1330258973872 95.2
62.614412 29.828369 1330258975866 94.9
62.614414 29.828353 1330258979866 95.2
62.61443 29.828346 1330258981871 95.3
62.614452 29.828331 1330258983865 95.8
62.614464 29.828341 1330258985872 95.8
62.614466 29.828355 1330258987880 95.6
62.614474 29.828368 1330258989866 95.1
62.614476 29.828372 1330258991866 95.0
62.614498 29.828376 1330258995866 95.2
62.614493 29.828369 1330258997874 95.2
62.614493 29.828362 1330258999872 95.1
62.614496 29.828363 1330259001871 95.1
62.614505 29.828364 1330259003874 94.8
62.614525 29.828361 1330259005865 94.4
62.614599 29.828455 1330259007866 94.6
62.614595 29.828415 1330259011872 93.9
62.614627 29.828442 1330259013867 94.3
62.614623 29.82844 1330259015874 94.3
62.614648 29.82845 1330259017871 93.8
62.614631 29.828436 1330259019872 93.9
62.614594 29.828408 1330259021906 94.2
62.614559 29.828382 1330259023868 94.5
62.614507 29.828308 1330259027871 94.4
62.614434 29.828207 1330259029873 93.7
62.614432 29.828204 1330259031873 93.7
62.614428 29.828226 1330259033866 95.0
62.614432 29.828235 1330259035872 95.3
62.614426 29.828218 1330259037871 94.4
62.61441 29.828187 1330259039875 94.4
62.614377 29.828087 1330259043871 92.1
62.614395 29.82813 1330259045865 92.4
62.614416 29.828122 1330259047867 92.2
62.614443 29.828129 1330259049913 91.8
62.614447 29.828137 1330259051879 91.4
62.614438 29.828153 1330259053883 91.0
62.614434 29.828172 1330259055866 90.5