62.613611 29.829917 1330177726157 67.2
62.614503 29.828442 1330177728099 118.5
62.614554 29.828341 1330177730132 114.8
62.614305 29.828484 1330177732095 100.2
62.61431 29.828487 1330177734104 96.6
62.614289 29.828494 1330177736099 96.6
62.614221 29.828574 1330177738116 112.0
62.614266 29.828459 1330177742098 108.5
62.614329 29.828369 1330177744121 111.0
62.614329 29.828369 1330177746102 110.2
62.614394 29.828353 1330177748127 109.1
62.614327 29.828466 1330177750116 110.5
62.614324 29.828434 1330177752308 102.2
62.614272 29.828472 1330177754128 108.6
62.614308 29.828392 1330177758120 107.3
62.61431 29.828401 1330177760123 105.6
62.614332 29.828398 1330177762139 100.1
62.61434 29.82843 1330177764106 98.0
62.614352 29.828458 1330177766150 98.2
62.614351 29.82846 1330177768124 96.4
62.614333 29.828468 1330177770102 97.5
62.614344 29.82844 1330177774098 99.4
62.614355 29.828447 1330177776126 99.7
62.614369 29.828435 1330177778133 101.1